usuario_base;vecinos;similaridad;imp_pelis;imp_dir;imp_gen;imp_fecha;imp_pais
1dia1peli;A_de_la_Hoz;4.267418154330863;0.0;0.0;48.97974772235456;13.457253056761495;37.56299922088393
1dia1peli;Abu222;4.29533929612767;0.0;0.0;50.86868699735865;4.033128767304299;45.09818423533705
1dia1peli;Alberto87FR;3.47106039839719;0.0;0.0;63.24486297887259;6.0783906998436565;30.676746321283755
1dia1peli;AmaiaZufiaur;3.7504839581132674;0.0;0.0;43.403523852673814;36.14744939779167;20.44902674953451
1dia1peli;AndreuMarves;4.599216791355224;0.0;0.0;39.08370229642992;41.87510744159631;19.041190261973775
1dia1peli;Angelopoulos;5.411884013616094;0.0;0.0;34.666122864096465;29.356645806026904;35.97723132987664
1dia1peli;Batty;3.885287113210234;0.0;0.0;55.05311215359527;9.524155120316445;35.42273272608829
1dia1peli;BorNaPe;4.675608383271944;0.0;0.0;46.592464480646726;28.650106375777447;24.757429143575823
1dia1peli;Borinot;5.092848485030512;0.0;0.0;42.87584876381393;32.72627578256677;24.397875453619317
1dia1peli;Burbank;5.913046861382032;0.0;0.0;37.72570869784848;29.963079988075865;32.311211314075656
1dia1peli;Carlos_;5.873161949295486;0.0;0.0;36.384568814837955;36.59600395654781;27.019427228614234
1dia1peli;Cinematictalk;5.590088904143889;0.0;0.0;39.8812523638598;54.23609662318395;5.882651012956254
1dia1peli;CulturetaMurcia;5.528852518234511;0.0;0.0;23.79695648156665;52.21361653956299;23.989426978870352
1dia1peli;DanielEscaners;4.724028589504013;0.0;0.0;25.56312703751228;45.23092557497221;29.205947387515504
1dia1peli;Didacus;4.349421196489505;0.0;0.0;49.84605183562996;2.1014509090308384;48.052497255339205
1dia1peli;Faildeguionista;4.991738818249678;0.0;0.0;43.92209965232412;23.793090216748094;32.284810130927774
1dia1peli;Faure;3.8402907714890007;0.0;0.0;55.65078677549964;15.89638891638656;28.452824308113787
1dia1peli;Filmandera;6.774662025040745;11.444980058856316;4.054690915343699;29.283075618081114;39.91413590978134;15.303117497937519
1dia1peli;Fraca1993;2.4665705617434868;0.0;0.0;22.283399943616217;76.14526725086021;1.5713328055235896
1dia1peli;Hectorog;2.2623474544693067;0.0;0.0;74.51527340851582;14.669805679453354;10.81492091203081
1dia1peli;IndigoRoom;5.878382122520857;0.0;0.0;37.382775124199796;51.68103671594792;10.936188159852284
1dia1peli;IvanMiguez;4.788923032591058;0.0;0.0;20.501114148049087;58.189586990898825;21.309298861052085
1dia1peli;Ivan_Suarez;2.9806249970959766;0.0;0.0;74.23116559500309;5.5677790039882735;20.201055401008635
1dia1peli;Jarsito;5.907334348473754;0.0;0.0;32.608292634698195;46.19769144677386;21.194015918527942
1dia1peli;Javchas;5.628581819285589;0.0;0.0;25.456052859372036;58.043052568658865;16.500894571969102
1dia1peli;JonSanSK8;5.10884098593376;0.0;0.0;42.37983076000975;30.4285733849935;27.191595854996763
1dia1peli;Judex1916;3.6994019503640674;0.0;0.0;59.60468255850412;1.876993279221557;38.518324162274325
1dia1peli;Juniper_girl;3.8010941350548966;0.0;0.0;48.56522766055941;26.146472965913738;25.288299373526847
1dia1peli;Klepshydra;4.621943734750772;0.0;0.0;44.02365312899711;29.27469076695998;26.701656104042897
1dia1peli;Kosti;15.353992861496522;37.87412457536724;13.969573510928365;14.585023419591197;20.580523943717363;12.990754550395822
1dia1peli;Lobo_Lopez;2.630134626648761;0.0;0.0;82.28509566573162;1.783588271745779;15.931316062522606
1dia1peli;Loloaka;5.064890392615047;0.0;0.0;43.90177684797676;38.098181166303824;18.00004198571939
1dia1peli;Lubilder;3.6759011369849395;0.0;0.0;58.93537439093068;3.0452865239028917;38.01933908516645
1dia1peli;MabuseCaligari;4.206436571972477;0.0;0.0;52.589954139277935;0.9401480692892077;46.469897791432864
1dia1peli;Mann_Ohne_Namen;3.8625661628020316;0.0;0.0;42.16729190749592;18.701465021244946;39.13124307125913
1dia1peli;MarioIglesias;5.764257795580978;0.0;0.0;29.276559087322724;32.78243128081765;37.94100963185962
1dia1peli;Mikio_Fassberma;3.769710636730765;0.0;0.0;55.47898982555192;3.2160555204904764;41.30495465395761
1dia1peli;Ninotchka;4.065591900624644;0.0;0.0;53.4775168194327;21.93411933090805;24.588363849659252
1dia1peli;Niskanen;4.171771454987638;0.0;0.0;51.38829693334029;1.5954918801966789;47.01621118646303
1dia1peli;Pauixitador;4.351045057161277;0.0;0.0;48.76195824839912;24.99642384748089;26.241617904119995
1dia1peli;Paula_Arantzazu;4.476802688757281;0.0;0.0;37.427299530550606;33.29333872939967;29.279361740049726
1dia1peli;Popovich89;4.493436121311277;0.0;0.0;47.05174615255348;18.548938169481126;34.399315677965404
1dia1peli;RachelMyGod;4.492653186124322;0.0;0.0;46.528183909695365;6.270999527768656;47.200816562535984
1dia1peli;RafaNasal_leFou;5.877393869882815;0.0;0.0;30.32149150800941;33.27795590538946;36.40055258660114
1dia1peli;Rob3rtolm;3.634973021532892;0.0;0.0;36.732143658462164;50.13731162228468;13.130544719253148
1dia1peli;Ruben0;1.9614057005199936;0.0;0.0;19.397464968717173;41.8588589715418;38.74367605974103
1dia1peli;Saba1e7e;3.6581578636341705;0.0;0.0;55.493005342328175;5.442519425652849;39.06447523201899
1dia1peli;Selasor;3.101602311462626;0.0;0.0;70.51136612431874;6.584285661585632;22.904348214095634
1dia1peli;Slayerkinney;3.9730403460122528;0.0;0.0;36.14209340215439;33.844614043619785;30.013292554225817
1dia1peli;SohoVictor;5.634815642665762;0.0;0.0;19.8797801731534;56.60819788769226;23.51202193915433
1dia1peli;Thomkeaton;4.875741788057181;0.0;0.0;44.528420973060875;30.555289979642943;24.916289047296196
1dia1peli;YeraiM;7.628932680297578;30.490191104579814;10.422252491954138;27.41967713902277;3.097593149340646;28.57028611510264
1dia1peli;aaleeeex;4.41604735890579;0.0;0.0;42.79586318402718;28.283399833518224;28.92073698245458
1dia1peli;aixa72;4.660826235605984;0.0;0.0;44.13318264143764;10.995791138755873;44.871026219806474
1dia1peli;al1997;3.063506636958588;0.0;0.0;66.55712414952687;7.586306142964902;25.85656970750822
1dia1peli;albertsyco_;3.6261590689603636;0.0;0.0;58.262463562416386;8.801559722602827;32.9359767149808
1dia1peli;alvysinger_;4.339128139415757;0.0;0.0;26.134587421034382;32.13951771275354;41.72589486621206
1dia1peli;anaorgana;3.815262440578943;0.0;0.0;44.9993819996253;25.88115119667985;29.119466803694834
1dia1peli;andrestm;6.777336287586993;0.0;0.0;20.448121466456957;42.68836583158419;36.863512701958854
1dia1peli;antares_not;4.099955552960127;0.0;0.0;50.66325060634028;29.06413183224412;20.272617561415608
1dia1peli;ariadnasc;4.788334639526679;0.0;0.0;45.056709749526846;13.887633242216701;41.05565700825646
1dia1peli;asm5sgr;4.27224457945877;0.0;0.0;29.782937546270823;41.19910794831725;29.017954505411936
1dia1peli;asterluz;3.396875511571622;0.0;0.0;43.55340520797328;33.294648833533564;23.151945958493165
1dia1peli;bander7;7.360463545677359;0.0;0.0;27.211448242579454;42.90870931720876;29.87984244021179
1dia1peli;bergmantonioni;5.393624374210356;0.0;0.0;40.37264704240375;29.225137912452688;30.402215045143556
1dia1peli;blackcoffee;4.2102212202551215;0.0;0.0;50.80453233795919;16.563091537542263;32.63237612449855
1dia1peli;bonetellez;5.113083542860701;0.0;0.0;21.559638867278633;59.79012967455916;18.650231458162203
1dia1peli;breogan_xague;5.260125369693939;0.0;0.0;20.28685098937281;52.49333470914103;27.21981430148615
1dia1peli;bustinduy;3.7869857745967512;0.0;0.0;54.204168619715425;35.805473939259635;9.990357441024939
1dia1peli;cinesinfin;6.205518638536957;0.0;0.0;31.67610513139984;33.49971893154563;34.824175937054534
1dia1peli;colmener;5.528287163997169;0.0;0.0;39.71553737798405;36.01717105156296;24.26729157045298
1dia1peli;csmall;4.267067484661935;0.0;0.0;50.97665685849736;23.5285852903557;25.494757851146925
1dia1peli;danielquinn;4.445562954446267;0.0;0.0;49.63638176209073;13.21926077524319;37.14435746266607
1dia1peli;davidmd;6.645554347629184;0.0;0.0;31.9450444586123;38.87458832913047;29.18036721225723
1dia1peli;diegoceprez;2.144464750752373;0.0;0.0;64.03953072162182;16.757698415998416;19.202770862379786
1dia1peli;edgarfaber;3.933915721172068;0.0;0.0;56.34417639059126;13.155075772293669;30.500747837115068
1dia1peli;eloyg8;6.155781014549661;0.0;0.0;31.95436774987912;50.33776086383266;17.70787138628822
1dia1peli;executionground;4.45352091830217;0.0;0.0;18.663923588687396;71.15238212308529;10.18369428822731
1dia1peli;explodingboy;3.7666677298374918;0.0;0.0;58.647322978340384;9.337974011016495;32.014703010643125
1dia1peli;ezequiel2517;3.275974466462667;0.0;0.0;63.188435871148044;13.950591305587599;22.86097282326435
1dia1peli;falgarin;1.579906072556265;0.0;0.0;11.753088858141005;20.210538280272047;68.03637286158694
1dia1peli;figmare;2.770142718726528;0.0;0.0;76.70938866959916;8.769759970175606;14.520851360225237
1dia1peli;firejuice;5.289672403661389;0.0;0.0;41.20222271962193;23.02554809007314;35.77222919030493
1dia1peli;francorizzo;6.152151972138322;0.0;0.0;24.310562875115053;42.59940706089961;33.09003006398533
1dia1peli;franquicia;2.2738273042856187;0.0;0.0;93.81637307248815;6.183626927511856;0.0
1dia1peli;fshtravis;3.4992813520031016;0.0;0.0;64.01762668319051;17.08303400376199;18.89933931304751
1dia1peli;fuzilfalcao;5.063404772641505;0.0;0.0;39.23690456312814;20.548838885232268;40.21425655163958
1dia1peli;fvlluis;5.5234551667912;0.0;0.0;15.507792257263464;58.31552266986345;26.17668507287308
1dia1peli;garles;4.333951884518811;0.0;0.0;50.821360931698145;37.61852319580631;11.560115872495546
1dia1peli;gazpachin;4.7543003486521265;0.0;0.0;46.94174455230477;17.59233896082274;35.465916486872494
1dia1peli;guillehormigo;6.109514483185242;0.0;0.0;20.846555573037644;51.194770060398085;27.958674366564274
1dia1peli;hobbitillo;3.9579856482729374;0.0;0.0;54.815492556560685;9.822511852729985;35.36199559070933
1dia1peli;igortxu;4.773594470516811;0.0;0.0;47.18996373863344;23.839471744973515;28.970564516393047
1dia1peli;irca;5.256353236257945;0.0;0.0;40.640453091725455;40.623508231319086;18.736038676955477
1dia1peli;itsmerocio;4.806599017139161;0.0;0.0;46.82940057897503;40.37199173003968;12.798607690985278
1dia1peli;izabellaxd;5.78629682574994;0.0;0.0;32.86336592416786;55.25579362304725;11.88084045278488
1dia1peli;jal90;4.387629903683562;0.0;0.0;49.58609717721773;29.318541945921652;21.095360876860614
1dia1peli;jasikedevicius;5.403112668856204;0.0;0.0;40.994618736882636;17.489821502245178;41.51555976087217
1dia1peli;jjm_24;4.527467548048573;0.0;0.0;47.04342963567357;12.394251783036001;40.56231858129043
1dia1peli;kaarlenberg;5.674376569038096;0.0;0.0;32.111919327002546;52.55830998420493;15.329770688792516
1dia1peli;korin;5.705989183287304;0.0;0.0;33.92859957337273;41.40851203434105;24.662888392286213
1dia1peli;luisru;3.8920427203811774;0.0;0.0;52.3332601770123;27.46031252459134;20.20642729839635
1dia1peli;lunes14;2.8515571989093074;0.0;0.0;77.19155195035812;16.841727895558815;5.9667201540830765
1dia1peli;malala;4.5575328863732985;0.0;0.0;47.81297194477601;0.28140410296728585;51.905623952256704
1dia1peli;manuelsanbai;3.5833081806324745;0.0;0.0;62.516635883984925;0.8029512841420734;36.68041283187299
1dia1peli;marctorres;4.569918530484685;0.0;0.0;38.75556266199215;18.061879887683926;43.18255745032394
1dia1peli;marioquema;5.9954930590697115;0.0;8.814728139673806;31.36027779244161;34.32591124207071;25.499082825813876
1dia1peli;maties_tp;4.440520665158894;0.0;0.0;46.16466899809666;32.11074934049028;21.72458166141306
1dia1peli;mcromance;4.481760415851179;0.0;0.0;44.253201179623176;36.56845278638785;19.178346033988962
1dia1peli;metaltft;4.812395588483755;0.0;0.0;45.524409784082216;12.021756456141926;42.45383375977585
1dia1peli;mmgarnica;2.739268120874752;0.0;0.0;78.134458045746;5.742396141471994;16.123145812782024
1dia1peli;mrtoldo;5.286752314617275;0.0;0.0;41.16757205535733;28.099649490055356;30.7327784545873
1dia1peli;msgatsby;4.702618476530438;0.0;0.0;36.980246473943815;21.65312861203323;41.36662491402296
1dia1peli;nachocea;5.379037302685825;0.0;0.0;25.922438634479075;60.24959195147835;13.827969414042581
1dia1peli;nestorjuez;15.617380651110047;37.3006438701369;13.107337389209743;12.47148376258515;21.222061230173253;15.898473747894945
1dia1peli;nichedeath;4.43279809702644;0.0;0.0;48.146270422430014;11.063690345718532;40.790039231851445
1dia1peli;olivermayorga;2.1171907464153277;0.0;0.0;96.44478818276298;3.555211817237033;0.0
1dia1peli;paloma55;3.395409272529628;0.0;0.0;62.313203157152515;6.821999934626206;30.86479690822129
1dia1peli;pele_alvaro;5.039808664105367;0.0;0.0;29.971236189516517;32.81090489512552;37.217858915357965
1dia1peli;pezespada;3.884576610021455;0.0;0.0;46.87050025299892;27.23019276089366;25.8993069861074
1dia1peli;quber;4.092527785928422;0.0;0.0;51.39869347821476;4.474256287380523;44.12705023440472
1dia1peli;rafaqc97;3.264545476660951;0.0;0.0;49.77762440769499;30.96668793845072;19.255687653854295
1dia1peli;synthemesco;5.189278597981199;0.0;0.0;37.46021494378807;29.56018130268225;32.97960375352968
1dia1peli;uryenbg;4.032239432446138;0.0;0.0;49.912022377684856;15.25786561943823;34.83011200287692
1dia1peli;utges;3.3352076720010717;0.0;0.0;66.34854724854664;7.6974047216356745;25.954048029817685
1dia1peli;vareludo;4.93828443223956;0.0;0.0;21.762551897224245;39.69866665504699;38.53878144772876
1dia1peli;vicioinherente;3.2408623201617934;0.0;0.0;65.89176392118958;11.997390454409633;22.110845624400785
1dia1peli;will_llermo;4.67462621904814;0.0;0.0;42.57420505748721;43.16186060694727;14.263934335565503
1dia1peli;xosemfdez;4.106458016626648;0.0;0.0;37.996852046665865;24.970548209758732;37.03259974357539
A_de_la_Hoz;1dia1peli;4.267418154330863;0.0;0.0;48.97974772235456;13.457253056761495;37.56299922088393
A_de_la_Hoz;Abu222;12.737643990499825;27.39214750228546;20.214624064697905;17.25893594046499;20.474409743236112;14.659882749315523
A_de_la_Hoz;Alberto87FR;40.93415496745656;46.40693963686957;34.75889190905929;5.240136649286936;6.2198824770042025;7.374149327780006
A_de_la_Hoz;AmaiaZufiaur;3.7953894523221927;0.0;0.0;40.58315906941915;38.21453257358671;21.202308356994124
A_de_la_Hoz;AndreuMarves;5.140541361102362;0.0;0.0;29.9284687750807;13.639061043702178;56.43247018121713
A_de_la_Hoz;Angelopoulos;19.48356627893987;29.846642551994847;33.702096488718816;9.035227568559764;11.401105266814994;16.01492812391157
A_de_la_Hoz;Batty;26.65783271221552;34.90270463579866;38.260703454040275;7.582612443604528;7.278272560618957;11.975706905937571
A_de_la_Hoz;BorNaPe;21.36553467148328;30.84663783431294;31.5768386387281;9.843628051976925;13.014011734915742;14.718883740066289
A_de_la_Hoz;Borinot;9.82342162387554;19.732399450725445;30.145344151754212;21.082836146480428;18.969405530656644;10.07001472038329
A_de_la_Hoz;Burbank;10.611834016006426;0.0;40.04282387356512;19.398100939177624;12.648569808205243;27.910505379052033
A_de_la_Hoz;Carlos_;9.738553287269738;0.0;34.06144097040392;22.467204411586437;17.801322923791325;25.67003169421831
A_de_la_Hoz;Cinematictalk;3.6002176531458177;0.0;0.0;60.36485252582477;22.50068225009696;17.13446522407826
A_de_la_Hoz;CulturetaMurcia;3.612329192270859;0.0;0.0;28.378955599580255;37.587636772835076;34.033407627584666
A_de_la_Hoz;DanielEscaners;4.960459285543947;0.0;0.0;22.6670233727068;9.897843553659794;67.43513307363342
A_de_la_Hoz;Didacus;5.014774761492727;0.0;0.0;41.306945311441325;20.91879846080734;37.77425622775133
A_de_la_Hoz;Faildeguionista;6.892461384915342;0.0;4.963856218591428;29.97068541927282;18.573413608943284;46.49204475319247
A_de_la_Hoz;Faure;33.72573533582121;41.38221681989907;35.28280877997249;6.6743379565251315;7.209154629173897;9.451481814429423
A_de_la_Hoz;Filmandera;3.9058334603365923;0.0;0.0;51.81077785496614;18.321162525617265;29.868059619416613
A_de_la_Hoz;Fraca1993;3.205695653429549;0.0;0.0;14.181548661212117;14.73602563065186;71.08242570813603
A_de_la_Hoz;Hectorog;4.358461778497889;0.0;0.0;32.39195423063399;25.23749557196426;42.37055019740175
A_de_la_Hoz;IndigoRoom;3.7993712204525916;0.0;0.0;58.4292197904671;19.871677668340226;21.69910254119267
A_de_la_Hoz;IvanMiguez;3.9242923956683997;0.0;0.0;26.656139060914445;22.569314739378267;50.774546199707295
A_de_la_Hoz;Ivan_Suarez;12.10245877123845;28.829796458266877;9.724159725994646;17.971456582419624;23.257939991366744;20.216647241952106
A_de_la_Hoz;Jarsito;11.41201483194792;27.176926396913164;29.296439799901172;15.67478211010047;17.2479576018416;10.603894091243582
A_de_la_Hoz;Javchas;5.24109791989715;0.0;0.0;31.269278060832075;11.200554416623273;57.53016752254464
A_de_la_Hoz;JonSanSK8;17.773885731600643;43.62347826071002;24.26154369521079;11.237408172994364;10.958751076443304;9.918818794641515
A_de_la_Hoz;Judex1916;16.291174700480454;35.69534113144515;16.6249149182271;12.422900660260781;19.603255035231395;15.653588254835563
A_de_la_Hoz;Juniper_girl;5.0057452992724745;0.0;0.0;41.571547405727294;39.59776013679658;18.830692457476125
A_de_la_Hoz;Klepshydra;14.474008355859322;48.212135082556586;15.825098336476028;12.498431910252512;4.810435255863136;18.653899414851736
A_de_la_Hoz;Kosti;3.7611599946961123;0.0;0.0;51.83972279317361;16.214982984889758;31.94529422193664
A_de_la_Hoz;Lobo_Lopez;21.18068555608442;14.642750174780689;48.77196625784421;10.59757404996887;14.069791146524173;11.917918370882061
A_de_la_Hoz;Loloaka;3.863961036335759;0.0;0.0;52.87676189773745;31.74447516873028;15.37876293353227
A_de_la_Hoz;Lubilder;17.68029777601317;35.08351398346934;17.010671075627112;12.394251549514543;18.773846798721188;16.73771659266781
A_de_la_Hoz;MabuseCaligari;10.774239959671304;0.0;43.6512360485307;19.320170510213398;16.075695707422113;20.952897733833787
A_de_la_Hoz;Mann_Ohne_Namen;16.895980913933997;4.589012746702335;55.874671774052665;9.834689172762323;13.640425554445297;16.061200752037383
A_de_la_Hoz;MarioIglesias;6.044955643236883;0.0;0.0;25.94208693456359;33.2889167701048;40.76899629533161
A_de_la_Hoz;Mikio_Fassberma;5.8343708421836515;0.0;0.0;35.34193821852225;34.304265120471634;30.35379666100613
A_de_la_Hoz;Ninotchka;13.997157432910228;0.0;53.24982618612672;14.603204277445618;13.681466165282075;18.4655033711456
A_de_la_Hoz;Niskanen;8.016296850122327;0.0;6.4796776924940875;28.19340885219381;36.66548173211451;28.661431723197605
A_de_la_Hoz;Pauixitador;5.8350816430775705;0.0;0.0;31.96270433165175;17.46567501300452;50.571620655343736
A_de_la_Hoz;Paula_Arantzazu;4.811189861535302;0.0;0.0;31.088858486674717;38.37548831487157;30.535653198453712
A_de_la_Hoz;Popovich89;14.836166271367219;0.0;44.06882779111727;14.495793696772232;21.580799721796676;19.854578790313806
A_de_la_Hoz;RachelMyGod;9.434015647233881;0.0;20.791118467721645;23.657161882038764;30.482541744199626;25.069177906039947
A_de_la_Hoz;RafaNasal_leFou;4.09063158387046;0.0;0.0;39.559535200475814;19.724936030147326;40.71552876937687
A_de_la_Hoz;Rob3rtolm;2.4448351036502873;0.0;0.0;47.63045520655251;30.065207334243162;22.30433745920433
A_de_la_Hoz;Ruben0;2.475117928011308;0.0;0.0;2.0843388215938288;53.27665277313621;44.63900840526994
A_de_la_Hoz;Saba1e7e;7.1210022713574395;0.0;0.0;26.278876534446717;39.94524260702606;33.775880858527216
A_de_la_Hoz;Selasor;8.599496620120576;0.0;36.49399412315446;25.873212880805884;28.246937163986182;9.385855832053496
A_de_la_Hoz;Slayerkinney;5.3481037465902315;0.0;0.0;28.167121738487708;16.337463535899023;55.49541472561327
A_de_la_Hoz;SohoVictor;4.579203624153486;0.0;0.0;22.993773118922153;14.522910820010923;62.48331606106692
A_de_la_Hoz;Thomkeaton;12.058906863667103;0.0;39.03711787454648;16.850626556578867;18.923189532551394;25.18906603632325
A_de_la_Hoz;YeraiM;5.513416283967092;0.0;0.0;33.47472148877756;21.090975375998273;45.43430313522417
A_de_la_Hoz;aaleeeex;16.99731366966893;0.0;54.632595759151194;11.193606451045556;15.090270410518379;19.083527379284888
A_de_la_Hoz;aixa72;7.712188088459347;0.0;0.0;26.35429449390756;34.79734188953534;38.848363616557116
A_de_la_Hoz;al1997;38.02295681202012;50.97964380138055;27.29626008522298;5.78772016932836;7.755539958867828;8.180835985200288
A_de_la_Hoz;albertsyco_;27.452527242379265;35.30452364982453;36.86346373627718;7.822570970902315;8.605034473189994;11.404407169805964
A_de_la_Hoz;alvysinger_;5.6437766961297315;0.0;0.0;17.95707716343184;23.54594471206253;58.49697812450563
A_de_la_Hoz;anaorgana;5.523640821333674;0.0;0.0;34.94792414759008;14.23850588510333;50.8135699673066
A_de_la_Hoz;andrestm;4.671472054823837;0.0;0.0;27.884939264075754;11.767389198930513;60.34767153699374
A_de_la_Hoz;antares_not;31.790789575464355;48.77882733804351;27.5585697430158;7.037916333804973;6.840482398553931;9.784204186581777
A_de_la_Hoz;ariadnasc;14.367526243574273;0.0;40.95563849114996;15.871962041510605;22.23579888624768;20.936600581091742
A_de_la_Hoz;asm5sgr;4.591006967891958;0.0;0.0;22.440054928426814;10.91018996605157;66.64975510552162
A_de_la_Hoz;asterluz;1.9223174654365347;0.0;0.0;75.62220785714484;0.0;24.377792142855153
A_de_la_Hoz;bander7;3.7892591942728115;0.0;0.0;47.41361985397342;9.19855236478948;43.3878277812371
A_de_la_Hoz;bergmantonioni;41.03119451484693;58.580113342174876;23.28294139146161;5.518927948147394;6.509324456715274;6.108692861500846
A_de_la_Hoz;blackcoffee;6.293691748702607;0.0;0.0;32.3768748352246;27.94964164638707;39.67348351838833
A_de_la_Hoz;bonetellez;4.214791785267394;0.0;0.0;26.718508388130903;14.891961326275426;58.38953028559367
A_de_la_Hoz;breogan_xague;4.046136350788621;0.0;0.0;21.09456417424251;9.67324651885396;69.23218930690352
A_de_la_Hoz;bustinduy;7.773277128045763;0.0;30.72168184229562;23.986830752740367;36.99255002919931;8.298937375764705
A_de_la_Hoz;cinesinfin;5.867543529573794;0.0;0.0;31.64463007609441;15.65045930554759;52.704910618357985
A_de_la_Hoz;colmener;11.031668981101966;0.0;45.54116386149661;18.89263202805679;21.593042855393445;13.97316125505315
A_de_la_Hoz;csmall;5.843315434638749;0.0;0.0;35.05345599708985;26.184895273844173;38.761648729065975
A_de_la_Hoz;danielquinn;11.502234087149436;0.0;28.224418992535234;19.000480642930594;23.233316843362413;29.541783521171766
A_de_la_Hoz;davidmd;5.641743106121017;0.0;0.0;37.74559550591593;15.538254782418564;46.7161497116655
A_de_la_Hoz;diegoceprez;4.799987357936043;0.0;0.0;24.31458339397333;31.201615602675734;44.48380100335094
A_de_la_Hoz;edgarfaber;4.393957410684201;0.0;11.821466396065956;47.00877088924437;23.881116580711865;17.28864613397782
A_de_la_Hoz;eloyg8;3.5908799858628457;0.0;0.0;49.6727158606658;25.555930537147564;24.77135360218665
A_de_la_Hoz;executionground;4.374609005475479;0.0;0.0;16.650112876780657;22.184552460980097;61.16533466223924
A_de_la_Hoz;explodingboy;5.696110570065154;0.0;0.0;39.59263017708639;37.52966279862873;22.87770702428488
A_de_la_Hoz;ezequiel2517;30.591114653492404;48.157171797967905;26.882552468780478;7.338152246864737;7.737810406993923;9.884313079392953
A_de_la_Hoz;falgarin;3.682759219679275;0.0;0.0;1.899149990968185;12.550634147138242;85.55021586189356
A_de_la_Hoz;figmare;31.32477716974284;61.88062516927955;19.983470779165053;6.690520501085955;8.066858646203267;3.378524904266178
A_de_la_Hoz;firejuice;16.098217123241195;43.34783415433545;14.621028063894421;13.116532987194963;14.86131371902724;14.053291075547929
A_de_la_Hoz;francorizzo;5.198916098981938;0.0;0.0;26.824632491742896;10.242564845383413;62.93280266287369
A_de_la_Hoz;franquicia;4.987426456776269;0.0;0.0;41.34307747542853;56.7777226602277;1.8791998643437504
A_de_la_Hoz;fshtravis;13.207539005476498;8.805865167227477;34.65208161456218;16.466865470271575;19.450978837803177;20.624208910135607
A_de_la_Hoz;fuzilfalcao;5.438802082015423;0.0;0.0;34.02152984385561;13.556576173475511;52.42189398266889
A_de_la_Hoz;fvlluis;4.148612887269443;0.0;0.0;15.191304737468629;19.612122589230584;65.19657267330079
A_de_la_Hoz;garles;4.350682727955219;0.0;6.93118296124132;51.546236576640474;26.8883035748916;14.634276887226614
A_de_la_Hoz;gazpachin;17.66433773137361;32.92051177966233;23.07784401724195;12.48557904683744;13.7433127814553;17.772752374802987
A_de_la_Hoz;guillehormigo;4.189319698684537;0.0;0.0;24.839393205999404;14.51163468228173;60.648972111718855
A_de_la_Hoz;hobbitillo;11.194711130570653;0.0;29.010734553727772;19.26719189100882;25.50946266527061;26.21261088999279
A_de_la_Hoz;igortxu;16.950258753150372;0.0;54.210459822015764;12.992956207851346;14.4070842626417;18.38949970749118
A_de_la_Hoz;irca;7.107263178825572;0.0;0.0;29.444971100690065;30.52201265930562;40.03301624000431
A_de_la_Hoz;itsmerocio;4.14563848650312;0.0;0.0;52.26645719693969;18.984491628348085;28.74905117471222
A_de_la_Hoz;izabellaxd;4.289043078846406;0.0;0.0;40.52714197847341;9.071104128126816;50.40175389339979
A_de_la_Hoz;jal90;5.958224936005994;0.0;0.0;34.15799706573817;33.37771669159949;32.46428624266234
A_de_la_Hoz;jasikedevicius;8.202265945231678;0.0;24.46088379374348;24.56835041568686;14.686071933030929;36.28469385753873
A_de_la_Hoz;jjm_24;40.84219761472391;57.90197950810003;25.88815921841257;5.048339922651882;3.367910079487972;7.793611271347532
A_de_la_Hoz;kaarlenberg;3.5658125968097627;0.0;0.0;47.73037431487109;23.90460393243093;28.365021752697974
A_de_la_Hoz;korin;5.825077022530099;0.0;0.0;30.452301850093594;20.24741478863497;49.30028336127143
A_de_la_Hoz;luisru;11.72644749204415;52.89640998925683;17.054836229294015;16.400368101058756;9.652132285081588;3.9962533953088153
A_de_la_Hoz;lunes14;4.1991129624180985;0.0;0.0;48.45897992852534;44.98759844280488;6.553421628669776
A_de_la_Hoz;malala;6.353573912390037;0.0;0.0;35.22226633481129;23.76987852027143;41.00785514491728
A_de_la_Hoz;manuelsanbai;17.078674398411387;36.31938637546468;19.372332761928195;13.03770695807774;16.879939837107692;14.39063406742171
A_de_la_Hoz;marctorres;15.99048907346264;48.4887431684368;15.485994830057786;10.566682347283791;6.124065144379772;19.334514509841863
A_de_la_Hoz;marioquema;5.305332807350923;0.0;0.0;33.88497184573198;41.28082738308981;24.834200771178207
A_de_la_Hoz;maties_tp;9.584413806326609;32.35915032420723;10.914594794505838;21.964443943698694;23.703873073081585;11.05793786450664
A_de_la_Hoz;mcromance;3.695977949710689;0.0;0.0;53.7709637815617;34.7642540995018;11.464782118936506
A_de_la_Hoz;metaltft;7.331757769775217;0.0;0.0;29.43993552182351;38.08319193838438;32.476872539792105
A_de_la_Hoz;mmgarnica;21.748253928957975;0.0;67.11194670458522;9.586436693696614;11.824811747156346;11.47680485456182
A_de_la_Hoz;mrtoldo;10.098352966940407;0.0;35.05201383077713;21.568729577081218;15.74730723385579;27.631949358285866
A_de_la_Hoz;msgatsby;5.388656115583302;0.0;0.0;29.659507414829037;17.683221985673224;52.657270599497735
A_de_la_Hoz;nachocea;3.971724734251555;0.0;0.0;37.97962234419492;13.025824467245878;48.99455318855918
A_de_la_Hoz;nestorjuez;4.523607619276147;0.0;0.0;38.72321002075542;9.250998091354106;52.02579188789048
A_de_la_Hoz;nichedeath;24.667181334252135;42.43428768266476;30.73721320129106;8.5122069921354;6.6736864161528;11.642605707755964
A_de_la_Hoz;olivermayorga;12.840973132503178;0.0;39.111502752460055;17.75567228136106;24.277294598870565;18.855530367308326
A_de_la_Hoz;paloma55;19.3329668558234;0.0;58.16786598533272;11.586986917597983;15.025906155273645;15.219240941795665
A_de_la_Hoz;pele_alvaro;4.02281632297008;0.0;0.0;33.7098372132573;10.610598722829002;55.67956406391367
A_de_la_Hoz;pezespada;3.6071129315324817;0.0;0.0;46.16450000539451;30.459756298483136;23.37574369612234
A_de_la_Hoz;quber;29.071543540917148;56.00849177932451;24.013981258073297;6.717396526799427;6.274151968691216;6.985978467111552
A_de_la_Hoz;rafaqc97;5.629509728403791;0.0;0.0;25.829515731001845;23.33813622580271;50.83234804319545
A_de_la_Hoz;synthemesco;5.903032125106841;0.0;0.0;29.828277253954674;18.677562658141714;51.494160087903616
A_de_la_Hoz;uryenbg;7.049860806099029;0.0;10.65515112628372;25.505094170113896;20.484210989865385;43.355543713736985
A_de_la_Hoz;utges;40.101286209561465;50.27102262504189;29.673329294211523;5.591077439979968;7.447331947184467;7.017238693582171
A_de_la_Hoz;vareludo;6.831613709796836;0.0;26.797107622696394;14.090703651624702;13.192060997446521;45.92012772823238
A_de_la_Hoz;vicioinherente;37.047707458595916;42.90374440332324;35.53754156288664;5.935320382579005;7.500973347780273;8.12242030343084
A_de_la_Hoz;will_llermo;29.00625245983052;46.77880253802258;28.899839490453285;7.08186203163461;6.792733604173773;10.446762335715748
A_de_la_Hoz;xosemfdez;3.870721863045008;0.0;0.0;37.749303635067385;11.972963864307143;50.27773250062547
Abu222;1dia1peli;4.29533929612767;0.0;0.0;50.86868699735865;4.033128767304299;45.09818423533705
Abu222;A_de_la_Hoz;12.737643990499825;27.39214750228546;20.214624064697905;17.25893594046499;20.474409743236112;14.659882749315523
Abu222;Alberto87FR;11.330332779962362;0.0;50.742755546969;20.02940851043741;15.15474718291478;14.073088759678804
Abu222;AmaiaZufiaur;5.242078406004569;0.0;0.0;29.922144019704913;38.99598119225497;31.081874788040107
Abu222;AndreuMarves;14.862268199566337;31.30176527873917;35.44267482787897;11.476595909967712;10.6306696993625;11.148294284051648
Abu222;Angelopoulos;6.420669260182391;0.0;0.0;31.24220415617647;36.38264578924648;32.37515005457706
Abu222;Batty;10.832277653209005;10.736782364387546;35.44570368261051;20.8238045448592;19.183377748123103;13.810331660019653
Abu222;BorNaPe;13.357927917223037;40.63138428638933;11.730007417621295;17.068711123344734;18.148341007182545;12.421556165462103
Abu222;Borinot;23.02678816164393;50.50804604475961;18.607142823330776;9.778247576197332;10.105921651047584;11.000641904664688
Abu222;Burbank;11.07806459197002;6.99904492688052;39.62883389365301;20.301933635115947;11.535562109937981;21.534625434412558
Abu222;Carlos_;6.182823865583593;0.0;17.503636167386954;36.09290132729481;24.662293762918175;21.741168742400045
Abu222;Cinematictalk;3.259255697090101;0.0;0.0;69.56681839751688;16.453505167206945;13.979676435276165
Abu222;CulturetaMurcia;16.762725348366466;41.62943862268468;28.193496972239455;7.3856742058003775;7.6826659503163635;15.108724248959117
Abu222;DanielEscaners;17.863869972267672;26.042242325694648;52.227590899170764;7.2105474693607565;4.620945471543115;9.898673834230722
Abu222;Didacus;6.439177078977397;0.0;0.0;34.90982941924869;34.7672512896532;30.322919291098113
Abu222;Faildeguionista;9.51145960328152;8.151837364197194;23.4711329361674;23.416342921035067;27.75094241594068;17.209744362659674
Abu222;Faure;23.74963358477259;48.97077980508024;24.250334380922176;9.140335393641356;11.539436013033564;6.099114407322638
Abu222;Filmandera;5.038522236607417;0.0;0.0;38.09113240934639;12.013419164336309;49.89544842631729
Abu222;Fraca1993;2.640580492022149;0.0;0.0;25.13821491364427;60.591442679488004;14.270342406867726
Abu222;Hectorog;4.645263056213564;0.0;8.25116252207939;36.156608790383466;36.9853119899997;18.606916697537436
Abu222;IndigoRoom;4.020439569800135;0.0;0.0;56.44332160537956;13.250538669162646;30.306139725457797
Abu222;IvanMiguez;3.5647297203386272;0.0;0.0;31.273089875067583;34.93568381204163;33.79122631289077
Abu222;Ivan_Suarez;11.86631552142835;29.403518083545173;16.178471877393367;18.772960858270558;21.032826928973172;14.612222251817732
Abu222;Jarsito;22.71058189933831;40.96902780866652;31.905203219299406;8.755837791883467;6.7785928480762;11.591338332074404
Abu222;Javchas;3.146580726768942;0.0;0.0;43.883381232046396;14.296996224963918;41.81962254298969
Abu222;JonSanSK8;9.782439745591777;0.0;33.18862234106164;22.653676702963807;19.567971350001628;24.58972960597292
Abu222;Judex1916;6.479145285404584;0.0;0.0;33.30841391547424;39.13485896161424;27.55672712291153
Abu222;Juniper_girl;7.824947806948666;0.0;32.71226964286799;22.875834149559896;26.452662745079955;17.959233462492165
Abu222;Klepshydra;5.284901875049372;0.0;0.0;39.76996455262819;36.73227572172777;23.49775972564403
Abu222;Kosti;4.922949414321762;0.0;0.0;44.80893215853313;3.810861995560617;51.38020584590626
Abu222;Lobo_Lopez;20.574991439016394;37.684522013968405;34.212527341391834;10.781784598033784;13.250303787786093;4.0708622588198855
Abu222;Loloaka;27.035070149956436;51.62352767483882;25.631092470220747;8.267410538225578;6.060041286781313;8.417928029933552
Abu222;Lubilder;17.560401835570545;44.15381408016811;14.576648359137996;12.241230679986876;14.79065068279088;14.237656197916124
Abu222;MabuseCaligari;11.298369110547833;27.450288098552992;22.311302346443824;19.53197890180101;11.862837137717749;18.84359351548442
Abu222;Mann_Ohne_Namen;27.210230736314337;51.29121122133222;27.00293424408451;6.624194926241934;6.708016858467819;8.37364274987352
Abu222;MarioIglesias;10.492307806027826;0.0;42.16331309199185;17.34005024397326;19.592587747249564;20.904048916785314
Abu222;Mikio_Fassberma;21.456222453517224;43.36413193891306;27.41916015706767;10.512877718391943;6.104688574672293;12.599141610955023
Abu222;Ninotchka;9.287023596278685;8.348839752399375;27.562307767242167;24.17780300513014;25.630955371230876;14.28009410399745
Abu222;Niskanen;9.132675686286571;0.0;22.267327463782056;25.022810342946066;29.094677260201518;23.615184933070356
Abu222;Pauixitador;8.87735254074567;0.0;38.82118240217795;24.187772274992618;21.06663123230631;15.924414090523111
Abu222;Paula_Arantzazu;6.878816950541547;0.0;0.0;25.20721672792619;31.382635780288723;43.41014749178508
Abu222;Popovich89;10.545438318164313;0.0;35.196177017505455;21.114418087966698;21.205469298579228;22.483935595948605
Abu222;RachelMyGod;21.60398097845104;41.273065662450826;23.696725419041346;10.011318105390094;13.927621886521589;11.09126892659615
Abu222;RafaNasal_leFou;10.801560740592954;17.94552510608437;26.47677942241449;17.53460371891749;11.492998468322323;26.55009328426132
Abu222;Rob3rtolm;3.1900969246717032;0.0;0.0;33.745811550725854;45.32070740504737;20.933481044226777
Abu222;Ruben0;4.219206029847161;0.0;0.0;2.012482452204347;45.12838875463547;52.85912879316018
Abu222;Saba1e7e;25.582621752594015;54.55444346457454;18.010243404289596;7.470199659620973;9.00390042540607;10.961213046108819
Abu222;Selasor;25.786981213633627;54.12210450363241;25.312311325945288;8.821012874766275;7.264479205618383;4.48009209003764
Abu222;Slayerkinney;4.466427290095379;0.0;0.0;34.87325963968537;37.79046469553494;27.336275664779688
Abu222;SohoVictor;3.141269530969339;0.0;0.0;31.864229070863274;12.546922955056738;55.58884797407999
Abu222;Thomkeaton;5.644658046260628;0.0;0.0;38.904297453302114;40.545648394377274;20.55005415232061
Abu222;YeraiM;9.24509623907618;0.0;38.48866514853488;22.143711517189693;13.802208613535802;25.565414720739636
Abu222;aaleeeex;14.613975830000394;21.222389494558346;37.31590126158888;13.496703393668115;17.472907609140034;10.49209824104463
Abu222;aixa72;24.48409837544416;44.33498788903077;26.238608216274663;8.78306764074027;11.157192463482723;9.486143790471573
Abu222;al1997;20.669224253274248;37.51271495823066;33.601025219534165;10.524661770440126;12.387425835983699;5.974172215811342
Abu222;albertsyco_;27.587657257526864;42.15791380451199;36.991979453719786;7.991993086298676;6.337631635863376;6.5204820196061535
Abu222;alvysinger_;5.709909054632312;0.0;8.653798135269158;22.051953382455782;32.90030597759661;36.393942504678456
Abu222;anaorgana;6.022719180417449;0.0;16.02192096143471;29.82194419135401;29.182019195841875;24.974115651369406
Abu222;andrestm;4.645183516051684;0.0;0.0;28.98652019344303;20.741440501513292;50.27203930504368
Abu222;antares_not;19.80048585678019;46.99028438569283;22.62321529855736;10.820443008996778;13.931846870191821;5.634210436561192
Abu222;ariadnasc;13.681652258810837;17.00142723598684;33.67643293136428;16.496479715478912;16.544400107626046;16.281260009543914
Abu222;asm5sgr;4.183806232715896;0.0;0.0;26.792932587449314;38.8193579915644;34.387709420986305
Abu222;asterluz;3.683764802188232;0.0;0.0;39.0851390938266;0.0;60.91486090617339
Abu222;bander7;4.720113142856747;0.0;0.0;43.814599182668154;2.87224486636573;53.313155950966106
Abu222;bergmantonioni;26.88433026206083;37.492707586229685;34.33427260502563;8.503629123458275;9.391281084862577;10.278109600423841
Abu222;blackcoffee;5.775820737524562;0.0;0.0;37.73042848314191;37.7313866837094;24.538184833148684
Abu222;bonetellez;3.7486537693655486;0.0;0.0;29.172835861453404;20.101921778689796;50.7252423598568
Abu222;breogan_xague;3.895303583649655;0.0;0.0;27.908333430298946;20.817556715627493;51.274109854073565
Abu222;bustinduy;5.28121812111185;0.0;17.703289440607314;37.42206183553136;35.073756464666445;9.800892259194878
Abu222;cinesinfin;4.9625043126037385;0.0;0.0;42.02334639599429;22.211860039182916;35.764793564822796
Abu222;colmener;10.539195722218315;18.392264890437616;17.496375470996725;20.981859234272708;16.359371706805312;26.770128697487625
Abu222;csmall;5.970214688076762;0.0;0.0;36.91048424956508;33.79230484956763;29.2972109008673
Abu222;danielquinn;15.231667457113053;15.27131655159802;41.72234439771074;14.802349419750783;17.607339715837202;10.596649915103251
Abu222;davidmd;5.124859127635602;0.0;0.0;43.400458118931326;16.432319333714254;40.16722254735442
Abu222;diegoceprez;3.7305644363226103;0.0;0.0;39.89663495581656;46.65767686366793;13.445688180515514
Abu222;edgarfaber;10.051258109034512;0.0;37.93560180247631;21.29119182512385;15.091954303843924;25.681252068555917
Abu222;eloyg8;5.289811997725224;0.0;0.0;38.88195799668843;12.554763794403515;48.56327820890806
Abu222;executionground;2.5483553355917254;0.0;0.0;37.91270478427238;21.351297961835655;40.73599725389196
Abu222;explodingboy;6.46185549783334;0.0;17.825733059126016;34.72591650993888;32.90812809072117;14.540222340213944
Abu222;ezequiel2517;5.288713833581188;0.0;7.247285756180806;40.79862343431985;28.227273364854284;23.726817444645064
Abu222;falgarin;2.506291074726249;0.0;0.0;11.706140974228159;45.84884477537943;42.44501425039239
Abu222;figmare;24.368147580819606;54.09150678867763;19.61146068032942;9.34837117951076;8.567299493482643;8.381361857999556
Abu222;firejuice;15.435996622220696;20.09222304971658;32.33642940527046;14.556102756380664;14.285385271089295;18.729859517542987
Abu222;francorizzo;5.231513889568311;0.0;12.537934073388053;30.13218055765888;20.131152691308603;37.198732677644465
Abu222;franquicia;4.20907513694175;0.0;0.0;52.013675738070795;47.9863242619292;0.0
Abu222;fshtravis;23.262043097050796;54.99696991647988;19.256720172217815;9.70799520178271;8.432366576130477;7.6059481333891235
Abu222;fuzilfalcao;6.708361378167805;0.0;19.045296992779548;29.54744630804286;28.429822408033985;22.9774342911436
Abu222;fvlluis;3.3720294321737154;0.0;0.0;26.83883626852895;12.773494002320348;60.387669729150694
Abu222;garles;5.283383671784108;7.337709751817054;13.034919614750196;41.79153423877619;25.824681917004106;12.011154477652461
Abu222;gazpachin;9.09071727812292;0.0;35.66126596487744;25.018381866476574;23.38958049543347;15.930771673212512
Abu222;guillehormigo;3.5960193105911755;0.0;0.0;36.94755134480978;9.614166041001559;53.43828261418865
Abu222;hobbitillo;28.66477944879701;49.032612923098505;27.92846750687985;7.824847464064084;8.881389598611307;6.332682507346251
Abu222;igortxu;5.576276502781657;0.0;0.0;38.72263721432945;33.86719124842951;27.41017153724103
Abu222;irca;5.622716725371331;0.0;0.0;38.779594720332;34.71781995291996;26.502585326748047
Abu222;itsmerocio;4.177008820601198;0.0;0.0;52.70117192921242;29.17141828950808;18.127409781279503
Abu222;izabellaxd;3.6242666700208903;0.0;0.0;50.23599844205589;5.644553432156799;44.11944812578732
Abu222;jal90;14.580167462558885;31.90739968434132;22.165244353981645;15.035261186452809;17.910750747638456;12.981344027585772
Abu222;jasikedevicius;8.064709964278185;0.0;22.827978721197624;27.636104914611117;24.55441370648049;24.981502657710774
Abu222;jjm_24;11.851142017127978;0.0;43.12250569521399;18.60993828856931;18.717756635758118;19.549799380458587
Abu222;kaarlenberg;17.352184785160883;31.278545566130866;39.23552958442646;10.660066112652581;4.264458723534956;14.561400013255152
Abu222;korin;8.429808962917503;0.0;34.556129808612326;24.195872216391518;15.99102114834987;25.256976826646284
Abu222;luisru;17.76066959965799;52.38712742017939;16.53198054309965;11.15235844214883;7.294098880428531;12.63443471414358
Abu222;lunes14;5.626224870498464;0.0;27.29771473705014;39.70242158021666;26.939182821151075;6.060680861582118
Abu222;malala;20.355989945073127;49.51694002045016;22.175196393404583;10.80023109822948;8.554943614324738;8.952688873591041
Abu222;manuelsanbai;18.918979927682607;28.688180047192386;38.841498042492304;11.945927192428556;10.930852340613466;9.593542377273304
