usuario_base;vecinos;similaridad;imp_pelis;imp_dir;imp_gen;imp_fecha;imp_pais
1999_sohu;_alvarocampoy_;20.73716344794956;0.0;5.878978574725159;32.31262544510748;28.824664479110883;32.983731501056475
1999_sohu;_carlos_;42.34694843713582;24.764790125337715;30.00516413441031;15.060853798266423;14.271235981167232;15.89795596081832
1999_sohu;a_de_la_hoz;21.955466898128098;6.835600003864191;3.235081824594788;29.79746497015603;27.53591991915671;32.59593328222827
1999_sohu;aaleeeex;39.478476936796085;21.50433461195186;30.658092792293395;15.477121716715574;15.313761451903044;17.04668942713614
1999_sohu;abu222;20.340796695785006;0.0;8.380125070503858;32.5514058790877;29.719103704707187;29.349365345701244
1999_sohu;aixa72;22.301077402801514;0.0;14.01945255379099;28.96728636386567;27.10918254642731;29.904078535916028
1999_sohu;alain_pixar;24.413421774555847;0.0;18.19423211535669;26.854656224181618;24.763590449440397;30.187521211021295
1999_sohu;alberto87fr;39.49735470981229;26.551481692864755;23.580121458918523;15.979596561254533;15.306442234835538;18.58235805212666
1999_sohu;albertomilano;32.46552287403804;19.227600427276936;20.42434585939188;19.933589548498794;18.621723131956937;21.792741032875444
1999_sohu;alcorona;33.55490650187047;19.347497377404977;22.166139911979535;19.05807647464665;18.017155799878353;21.411130436090495
1999_sohu;alejandrogr;47.06126651802374;29.712000776477918;28.625446972909277;13.297900179948124;12.846317641345513;15.518334429319172
1999_sohu;alvysinger_;42.177719609849454;26.048160706070423;28.337548209603344;15.362994542457606;14.333728420760137;15.917568121108493
1999_sohu;amaiazufiaur;21.67885176932491;0.0;11.007488018220114;27.760284427940988;27.887269340989533;33.34495821284936
1999_sohu;an_t_ar;20.646042587220048;0.0;14.182823958576957;30.74963739518892;29.23723327379444;25.830305372439696
1999_sohu;anaorgana;26.305327577294573;2.8476395877621252;22.719056154113094;25.023977669367284;22.98256794248707;26.426758646270436
1999_sohu;andrestm;39.98178656282324;27.47881255597792;25.759258871946972;14.234273609755006;15.120984584933494;17.406670377386614
1999_sohu;andreumarves;30.017909412616646;20.795388942784097;15.724478707150666;21.216718901165503;20.1401093588633;22.12330409003642
1999_sohu;angelopoulos;36.90846026950686;15.559992727204774;31.833809706973025;18.003705610345868;16.380092094874836;18.222399860601506
1999_sohu;antares_not;30.992091760250595;16.113377730385906;19.962147971919222;20.88623445862647;19.50704014983411;23.53119968923428
1999_sohu;anthonymous;31.83673584539429;19.607352478471146;17.88138796322412;20.006943050102986;18.98950888779672;23.514807620405026
1999_sohu;asm5sgr;39.69955600476091;24.529372524952915;25.65363616595523;16.7130547539678;15.228482107508956;17.87545444761509
1999_sohu;bander7;19.115009809788493;0.0;0.0;32.76884160121483;31.616164482385543;35.61499391639961
1999_sohu;batty;31.8242377318561;19.61505273886777;27.042355945613934;19.508404923717446;18.99527811260926;14.838908279191598
1999_sohu;bergmantonioni;21.22331545936773;0.0;9.95441819782999;30.48041219530754;28.48584046408751;31.07932914277495
1999_sohu;bigdabi;21.681780678696793;0.0;9.844213430971504;29.506556544674833;27.883502155732042;32.765727868621624
1999_sohu;blackcoffee;30.010079153267387;12.480488937663974;21.83790404952815;20.286776919665026;20.145364335992717;25.249465757150123
1999_sohu;blanse;23.839473255707517;0.0;17.86769588500748;26.382311758422848;25.338399968099424;30.411592388470265
1999_sohu;borjavargas;22.086098823914703;0.0;14.661239333732826;28.099787476842756;27.373054114922862;29.865919074501548
1999_sohu;bornape;37.972844976052315;19.72675269008571;30.756131875796346;17.309290514146404;15.92095558486127;16.28686933511027
1999_sohu;bracero;23.70795839498016;0.0;19.80635196920021;28.545835835977623;25.500465633622824;26.147346561199328
1999_sohu;burbank;34.845737881615676;24.363334790134854;19.213041501389508;18.73964075922137;17.34972524756074;20.334257701693517
1999_sohu;carlos_;31.602210417444883;15.802289605414103;22.0629371880738;20.915350589526298;19.130433292755473;22.088989324230337
1999_sohu;carloslara;29.566717321165953;16.890183504754575;15.224292252853378;22.364824898271245;20.43020541713982;25.090493926980972
1999_sohu;chinemusic;26.552542053291585;0.0;24.240923889587428;24.5427228161826;22.76859131156546;28.447761982664513
1999_sohu;cinematictalk;20.744913924245534;0.0;6.205455017450212;31.057179975835318;29.142756653618584;33.59460835309587
1999_sohu;cinesinfin;14.756717503693602;0.0;3.8839257542523646;37.02965155375231;40.968730216813405;18.117692475181926
1999_sohu;colmener;37.979247198808125;26.53083858119614;21.69496987763974;17.246316355167327;15.918271763783773;18.609603422213024
1999_sohu;culturetamurcia;28.801233531275088;13.00432012691618;19.73655895404553;21.233985715454157;20.99090574152176;25.034229462062385
1999_sohu;danielescaners;38.661206223898674;19.375518638590705;29.19357539123227;16.75143973041818;15.637483600313438;19.041982639445415
1999_sohu;danielquinn;32.73878771274657;16.016373295426863;22.75838505775208;20.347255598595776;18.466290920698;22.411695127527288
1999_sohu;davidmd;34.57569805672613;21.664954400995132;26.52220993683637;19.16508513378503;17.48522841976124;15.162522108622236
1999_sohu;davidpardi97;27.456868016352203;13.641048231273597;14.969978350060726;23.0059183789716;22.018679549848777;26.364375489845294
1999_sohu;didacus;32.77998525527257;19.04314772027595;23.166893760537782;19.22976904945104;18.375703625682352;20.18448584405287
1999_sohu;doark13;21.368527914885632;0.0;24.139517635562918;30.49691847765108;28.29226143712984;17.071302449656166
1999_sohu;edgarfaber;29.975894502431103;20.824536243080132;11.950017695921877;21.335173575250703;20.16833820406994;25.721934281677353
1999_sohu;edissa;25.02805063687083;8.978896510757611;11.777899539246096;26.24632139778704;24.155456094687597;28.841426457521656
1999_sohu;efebatlle;48.8581431181289;30.152445129603787;28.54130504954318;13.276839275204942;12.373863182496324;15.655547363151772
1999_sohu;elenacf;20.218336582661976;0.0;4.800006493860935;32.02132923304508;29.901766439727233;33.27689783336676
1999_sohu;eloyg8;34.453063338712745;21.74207020192171;23.736507300102893;17.620600650253014;17.547466602635613;19.35335524508677
1999_sohu;endika;23.43124421232901;0.0;14.67630006536269;28.293117031762165;25.801616543113102;31.228966359762037
1999_sohu;erni;33.44927297947935;18.662112682316938;27.651412718365762;17.100350799917468;18.07405436481213;18.512069434587694
1999_sohu;executionground;36.18830416540837;23.45946840003043;22.62228716412168;17.170896310755072;16.70605993392863;20.041288191164192
1999_sohu;explodingboy;24.22044919116365;2.0618415341772027;21.55223087477353;27.44820138401866;24.96089042457208;23.976835782458505
1999_sohu;ezequiel2517;26.580808895568595;8.454380655508537;21.94827396846138;24.67429107972832;22.7443784976514;22.178675798650374
1999_sohu;fabregatto;29.503554375645894;16.926343003605165;18.341044115508623;22.169911746056783;20.491225246867096;22.071475887962322
1999_sohu;faildeguionista;33.81063621239605;14.770123757819364;29.931022408379114;19.31927629420716;17.880881462765824;18.09869607682855
1999_sohu;falgarin;14.014470306804037;0.0;0.0;7.269937037955113;43.138553584935345;49.59150937710954
1999_sohu;faure;30.40078177123418;16.426790763000334;22.623363672201563;21.309562174358575;19.886461566807526;19.753821823632
1999_sohu;ferrandis;28.66855234265351;13.064505539525511;19.01929412799993;20.940377831573866;21.08805394387047;25.887768557030224
1999_sohu;figmare;19.55190531281764;0.0;0.0;31.024139463747463;30.920975149067306;38.05488538718522
1999_sohu;filmandera;19.803371661591424;0.0;0.0;30.766434819463186;30.528335710989115;38.70522946954769
1999_sohu;fraca1993;16.287159731236812;0.0;5.635869261186256;12.505290822558404;37.027353085692084;44.83148683056324
1999_sohu;francorizzo;83.94819412557209;43.72335289594378;32.12460330381904;7.372961669564243;7.201631727660839;9.577450403012111
1999_sohu;fshtravis;32.887813851111304;18.980711345261085;21.62297304442713;20.069383193706912;18.382613725300036;20.94431869130485
1999_sohu;fuzilfalcao;29.01032903074011;17.214119862568072;16.86242356784095;22.26655009374053;20.83775905464033;22.81914742121012
1999_sohu;garles;20.070564594297583;4.976315228616774;19.594452147618124;32.66440187304864;30.121921854969596;12.642908895746857
1999_sohu;gazpachin;29.699683156188403;13.451652761720272;30.125188759565564;21.523656873853337;20.355906664565907;14.543594940294915
1999_sohu;gorkalonso1;19.296485136522204;0.0;0.0;31.12975115273406;31.33026424332072;37.53998460394521
1999_sohu;guillehormigo;32.60446973797947;22.208965934467503;23.482695232499076;20.107099650574707;18.542364993297898;15.658874189160818
1999_sohu;hobbitillo;43.085231044046736;27.23810647763131;27.501863319332482;14.880565000892727;14.03181469948474;16.347650502658748
1999_sohu;huer;18.907855237962213;0.0;2.8134058670068107;33.83688331910177;31.974222918776057;31.37548789511535
1999_sohu;irca;20.51316645509893;0.0;13.732042659167504;30.29623123897274;29.46123873910581;26.510487362753945
1999_sohu;itsmerocio;32.495312165108665;24.58876670704067;23.79041145240871;20.485423515803063;18.604652117904333;12.530746206843231
1999_sohu;jarsito;27.925799389725338;22.35331181653821;12.300928898804267;22.91287744715055;21.64894081839558;20.783941019111403
1999_sohu;jasikedevicius;32.89494537249313;22.77191566361231;25.59791057307319;19.536678575826723;18.37862843207789;13.71486675540989
1999_sohu;javchas;40.69005595601743;25.159560545735403;25.53148212050811;15.8017220294825;14.85778193443712;18.649453369836873
1999_sohu;jeanduvin;21.108950368104956;0.0;27.151513534004085;29.58393549938619;28.61601822204459;14.648532744565134
1999_sohu;jepgambardella;34.98127556609032;21.413768070472585;22.89787313805084;18.750113566455042;17.282502381948458;19.65574284307307
1999_sohu;jjm_24;37.086618278423416;20.198145761306975;27.7041305428127;17.694479639345364;16.299956008393927;18.10328804814104
1999_sohu;jlorenzo;26.486547439761893;7.663289800782098;19.788868979706237;23.135946998404453;22.78706473448442;26.6248294866228
1999_sohu;joanpamiesll;29.56471594619949;16.89132688088262;17.83868348895294;20.776719112411026;20.448834326523176;24.044436191230222
1999_sohu;jorditrenzano;20.94217591512179;4.769201473731334;2.681104637463767;30.648265493823068;28.868250402672423;33.03317799230941
1999_sohu;jorgemz;33.99201549672665;18.3641391180448;21.919322117349544;19.868429970030448;17.78547018939696;22.062638605178257
1999_sohu;jorgepm91;34.20849103748024;18.24792858593751;23.037187831461672;19.379887993770406;17.672921545477287;21.662074043353115
1999_sohu;juangl001;31.45101084111971;19.847823163396903;16.243344881707458;20.937406109555365;19.222402146265253;23.74902369907503
1999_sohu;kaarlenberg;28.425816626565133;7.9056401259005495;24.48614085158888;21.59974087001899;21.2681305250369;24.740347627454685
1999_sohu;klepshydra;16.67409697934909;0.0;6.874614587141451;10.99389316615034;36.25767434622128;45.87381790048693
1999_sohu;kndel_01;32.66433620522804;19.11057054894972;22.37951232479496;20.52051336015156;18.508380960081745;19.48102280602202
1999_sohu;korin;34.593984348214036;19.488152125448885;25.194648558234906;17.00156139501299;17.475985772820145;20.83965214848307
1999_sohu;lacaneli;27.66037901029843;22.56780723258383;12.581843407745291;24.21481298068816;21.823025746628563;18.81251063235417
1999_sohu;lobo_lopez;26.237493774064543;28.550018086026398;14.482451120921876;23.74873661156535;23.041986536540154;10.176807644946235
1999_sohu;loloaka;24.690690950714725;0.0;21.60474093394442;25.284788015459824;24.485502633414594;28.624968417181176
1999_sohu;lp_bit;37.012501506487844;25.635550034096113;19.67573410489823;18.063068894872185;16.33404805640004;20.291598909733445
1999_sohu;lunes14;23.947276656844934;0.0;17.95005627845786;27.297240595983087;25.245625502962845;29.507077622596203
1999_sohu;lynndura;27.164073262147923;21.141725242145895;10.195044816330677;19.716241031013865;22.221746991986883;26.72524191852268
1999_sohu;mabusecaligari;20.978936908640517;0.0;6.387432956005693;31.644876760155658;28.817665114648957;33.15002516918968
1999_sohu;maciaflorit;19.997952336111812;0.0;11.137734150607528;31.2163682238783;30.23129409118775;27.414603534326417
1999_sohu;malala;22.455745240917405;0.0;10.628096940117768;29.229138919839677;26.92246335218276;33.2203007878598
1999_sohu;mann_ohne_namen;22.68296399272162;0.0;13.265394888025538;27.826086164619905;26.652776880858266;32.25574206649628
1999_sohu;marioiglesias;26.67480120311164;0.0;24.538123570161893;25.035506435240773;22.662221241517003;27.76414875308034
1999_sohu;marioquema;21.865553942168255;0.0;19.356795880838362;30.319720085672927;27.649149886325766;22.674334147162934
1999_sohu;martincuesta;36.20755392484262;23.446996164979883;21.185161890302954;18.122767939887805;16.6971781509866;20.547895853842746
1999_sohu;martinsalernx;27.17254491086104;3.6756754498036748;27.566954525944123;24.037482349448034;22.249074581634172;22.470813093169994
1999_sohu;mas0204;28.037962187692937;17.811111871992644;10.220784730564299;22.993327131257306;21.56233660090748;27.412439665278264
1999_sohu;maties_tp;20.459662150820016;0.0;7.387504196762442;32.36693116312943;29.47606904190255;30.76949559820559
1999_sohu;mcromance;17.093897256199057;0.0;0.0;37.76545007591175;35.36724067270896;26.867309251379293
1999_sohu;mllvfrp;24.198849402307612;6.191045775177352;12.036196475309628;27.20748049806928;24.98317040796575;29.582106843478005
1999_sohu;mmgarnica;25.177766242779942;0.0;22.19463980361099;26.267593451473942;24.011819494428664;27.525947250486386
1999_sohu;mrtoldo;32.388313217544514;11.564061961951385;27.16768787281365;20.111738172232904;18.66611497282493;22.490397020177127
1999_sohu;msgatsby;38.03307760468801;19.038994562798873;30.304579225184796;15.41212767133756;15.889939292059656;19.354359248619115
1999_sohu;nachocea;72.76196060051733;42.20930488894096;30.666411932084372;8.26128032410296;8.308791754716035;10.554211100155674
1999_sohu;nargual;54.17252174141383;27.194460072134387;37.02965573956728;11.964015003272374;11.159974814913848;12.6518943701121
1999_sohu;natefisher;38.02559137504461;29.549083710233376;21.319624346126734;16.691246440348475;15.898871166309165;16.541174336982237
1999_sohu;nestorjuez;23.467405415245466;0.0;14.043114964922113;29.073199796800928;25.761858526626884;31.121826711650066
1999_sohu;ninotchka;25.25265474236309;1.9775634929579955;21.561414416932685;26.36858504607818;23.931871733662053;26.16056531036909
1999_sohu;orang_clockwork;31.498348359440918;19.817994720269922;21.691447530310594;20.99502089554103;19.186507410873432;18.309029443005013
1999_sohu;padimo02;35.231474015450864;21.2616968978657;27.63064207523957;18.970760710808484;17.14529764258562;14.991602673500616
1999_sohu;paloma55;29.033050680652874;6.880259145767021;28.074803446652094;23.078796224680072;20.82145114847456;21.144690034426244
1999_sohu;pauixitador;31.61911030237739;19.74230443282548;17.99152594170001;21.401404604024474;19.120208396537176;21.74455662491284
1999_sohu;paula_arantzazu;32.46975870448187;19.225092097726574;26.195760444244033;18.31684801313342;18.619293841906565;17.64300560298941
1999_sohu;pele_alvaro;35.90189535621132;19.473684793686544;25.365726543777825;18.191443313375242;16.839333196651328;20.129812152509075
1999_sohu;pezespada;27.32592372773381;9.137610244459129;19.90077509680069;22.127697885058655;22.12419182305494;26.7097249506266
1999_sohu;popovich89;41.29135251912726;26.00260318564748;24.637686877254584;15.8691955357432;14.64011735043977;18.850397050914967
1999_sohu;quber;20.68597425225672;0.0;7.970926044005286;29.066260676636016;29.225791878214142;33.73702140114455
1999_sohu;rachelmygod;32.30234407654199;23.189676885571014;20.404430798819426;20.338276514625107;18.686977077357252;17.380638723627204
1999_sohu;rafanasal_lefou;17.330904769090967;0.0;2.6133027433468414;36.71500788065563;34.883578575353376;25.78811080064414
1999_sohu;rafaqc97;46.38526463449873;27.45349362697223;29.869502098522446;13.900572142392493;13.0335351767059;15.742896955406932
1999_sohu;rob3rtolm;19.033960734194167;0.0;3.0111439211839235;29.387033484158295;31.7355970634506;35.866225531207185
1999_sohu;rodasons;24.64699096901558;0.0;19.629069832011854;26.60741304474204;24.528916290615985;29.23460083263012
1999_sohu;ruben0;29.364898563442974;17.006266175541878;17.566073158160457;20.503980289533782;20.580465923388097;24.34321445337578
1999_sohu;saba1e7e;31.052179400443936;22.515076466831907;18.457318058648998;16.67520065294575;19.469292976128695;22.88311184544465
1999_sohu;salanova;38.720188515217615;17.411403597336125;31.27045662810172;17.050069684652573;15.613663090946693;18.654406998962884
1999_sohu;selasor;17.297776222340538;0.0;15.63547563798973;37.109243605147725;34.95038729393093;12.304893462931615
1999_sohu;sergig;26.587638000768656;14.087015209096263;20.87226398418432;23.464239458502384;22.73853654382812;18.83794480438891
1999_sohu;slayerkinney;43.23465458421426;28.87656244685447;26.10265719122977;13.845348885493706;13.983319263415334;17.19211221300671
1999_sohu;stalker98;31.834623696253768;19.608653378179604;21.308435264205194;20.728787214354192;18.990768795099505;19.363355348161498
1999_sohu;synthemesco;26.028875281977474;11.511537301040669;17.615511862091633;24.955039852924525;23.226665453084504;22.69124553085868
1999_sohu;tensin;28.852306892250475;0.0;34.31294879520434;23.16552330639985;20.953748362385987;21.567779536009798
1999_sohu;thomkeaton;43.203530975978694;26.007628480576248;28.98332044222425;14.805655727781456;13.993392776870273;16.21000257254778
1999_sohu;tumbaparaelojo;19.832387912405625;0.0;0.0;33.560806127105316;30.48367049720635;35.95552337568834
1999_sohu;uryenbg;40.43834766970266;24.081231168740583;27.54205611345302;15.505052937039743;14.927245995154813;17.94441378561184
1999_sohu;utges;23.83962207973285;0.0;21.637337820297383;27.816910764519168;25.338241787627172;25.207509627556288
1999_sohu;uwugorka;29.273989573394235;8.529539165402456;23.323368461532045;21.776501638260033;20.651916158500356;25.718674576305112
1999_sohu;vareludo;31.435299406809413;19.857743150663403;20.51141416580812;19.93553645932302;19.232009546681546;20.463296677523893
1999_sohu;vicioinherente;27.691212029269863;18.034143130313026;18.627785446955787;23.583108134858612;21.83234080384498;17.922622484027602
1999_sohu;will_llermo;35.20407856365474;24.824616286952878;22.04156402343091;17.254052228797196;17.17312319938727;18.706644261431737
1999_sohu;xosemfdez;24.20342050126032;0.0;18.940202486300944;26.53631327577737;24.978452044126175;29.5450321937955
1999_sohu;yeraim;41.593997475344395;27.014027284546735;27.76888311905486;14.76538745847738;14.534885199551152;15.916816938369875
1999_sohu;zombivirtual;37.011166113137115;20.239322357251027;27.633566555018504;17.527221890000394;16.334637402304416;18.26525179542566
_alvarocampoy_;1999_sohu;20.73716344794956;0.0;5.878978574725159;32.31262544510748;28.824664479110883;32.983731501056475
_alvarocampoy_;_carlos_;18.016290872601296;0.0;0.0;34.021292437293276;33.30155194804992;32.677155614656805
_alvarocampoy_;a_de_la_hoz;24.20939395839241;12.398392943798441;5.784678543813438;27.201992534480418;24.69048914082442;29.924446837083284
_alvarocampoy_;aaleeeex;21.277811353134926;3.520479194732513;6.117476868383985;29.130784741444117;28.092258584084167;33.139000611355215
_alvarocampoy_;abu222;20.561467170317318;6.071882870165725;11.578098487216328;31.753102128555618;29.127109460623938;21.469807053438398
_alvarocampoy_;aixa72;20.83962084866729;7.189007201438139;3.6975350629818817;30.841748968956434;28.682948839438897;29.58875992718464
_alvarocampoy_;alain_pixar;37.858581143972025;29.679437229813576;16.790130704020914;17.13045076246941;15.78880561747631;20.6111756862198
_alvarocampoy_;alberto87fr;20.98042864053255;0.0;8.079282351718906;30.163779174949187;28.490446447830802;33.266492025501094
_alvarocampoy_;albertomilano;33.418786651728;22.414964660089314;16.231245051097112;19.612505142842515;17.88639979257656;23.85488535339449
_alvarocampoy_;alcorona;28.630991661679264;18.314302607579638;10.342627160294775;22.955103925321605;20.877438885068976;27.51052742173501
_alvarocampoy_;alejandrogr;19.334640797824846;0.0;0.0;30.58857258537095;30.915587462213125;38.49583995241592
_alvarocampoy_;alvysinger_;17.404991934172767;0.0;0.0;36.188233331512926;34.343122990021534;29.468643678465547
_alvarocampoy_;amaiazufiaur;25.53505755284377;5.867078390024029;14.632135166804291;24.034077678099436;23.40867168200525;32.05803708306699
_alvarocampoy_;an_t_ar;20.672707883485334;3.6235258873848886;1.9948457905860513;29.764804864835117;29.11303253255605;35.50379092463788
_alvarocampoy_;anaorgana;24.90164638294802;8.021755244740211;9.576587345247564;26.870931744347136;24.00410677443985;31.52661889122523
_alvarocampoy_;andrestm;17.37484984232834;0.0;0.0;29.84755349561069;34.402701839725765;35.749744664663545
_alvarocampoy_;andreumarves;25.960901289832826;14.427097761719722;8.147407867599387;24.504529517653292;23.024692862636638;29.896271990390957
_alvarocampoy_;angelopoulos;20.36061375678728;3.679068473718476;4.162615353145895;32.94438026750088;29.35774853232845;29.856187373306287
_alvarocampoy_;antares_not;19.495787654881237;0.0;0.0;32.57936707626714;30.660047658344762;36.760585265388116
_alvarocampoy_;anthonymous;22.029745039376042;6.80063178618398;3.554743667703904;28.07819255330826;27.1333952148435;34.43303677796037
_alvarocampoy_;asm5sgr;21.880467145670057;3.4235143006523243;3.720512147385618;30.538247537558185;27.318510827768858;34.99921518663501
_alvarocampoy_;bander7;22.17834101993217;12.384289898256519;6.602746224712333;27.922462153345258;27.05208860599189;26.038413117693995
_alvarocampoy_;batty;15.35987504174688;0.0;0.0;38.84654876221929;38.99094903526934;22.162502202511376
_alvarocampoy_;bergmantonioni;33.79922862951707;20.685152354400557;24.64833110310337;19.252838892356447;17.6850716088123;17.728606041327343
_alvarocampoy_;bigdabi;31.89947057082021;17.220536876526094;18.909275731202094;20.63412643820213;18.738297781732083;24.497763172337592
_alvarocampoy_;blackcoffee;19.695014055980998;0.0;0.0;31.398602562005255;30.3499036322904;38.25149380570434
_alvarocampoy_;blanse;29.356445607394086;19.562837444503288;16.150028452402623;21.160231872952842;20.471022286293405;22.655879943847836
_alvarocampoy_;borjavargas;19.438840714185766;0.0;3.284388587238609;31.742368727959352;30.74986761939038;34.22337506541166
_alvarocampoy_;bornape;18.74146088088306;0.0;0.0;34.80977025457578;31.894086722201337;33.29614302322288
_alvarocampoy_;bracero;22.138713532546028;6.767158540448407;13.306285222145126;30.22067387310629;26.999842504709708;22.706039859590476
_alvarocampoy_;burbank;18.44835607685749;0.0;0.0;34.11496211177907;32.40081534340419;33.48422254481674
_alvarocampoy_;carlos_;25.38190163200242;8.853721040787732;10.500726779078168;26.35292730118844;23.549921014663994;30.74270386428167
_alvarocampoy_;carloslara;32.80070484972423;21.314852740692125;15.916344285614112;20.648872844079566;18.321449341671;23.798480787943195
_alvarocampoy_;chinemusic;37.656164385090975;30.502064283171183;18.34881254063224;17.70877958531219;15.873676684720687;17.566666906163704
_alvarocampoy_;cinematictalk;36.85543584680331;29.80976871850585;16.834456118603445;18.06991620132824;16.21855134532275;19.06730761623971
_alvarocampoy_;cinesinfin;12.35847602588742;0.0;0.0;39.801562917889754;48.366948916964574;11.831488165145677
_alvarocampoy_;colmener;33.79458865468412;27.579849857788318;15.602360662161626;19.21096602507904;17.68749975753227;19.919323697438752
_alvarocampoy_;culturetamurcia;27.86402581841238;21.506753594423092;11.225007825098835;22.407670719882265;21.452096783539584;23.40847107705622
_alvarocampoy_;danielescaners;28.033084279423047;13.360658326336765;14.884295286126118;22.32206623158251;21.32272612879721;28.110254027157392
_alvarocampoy_;danielquinn;28.26329523948135;13.251832729241478;14.993545994078419;23.527822419522607;21.149047680775567;27.077751176381916
_alvarocampoy_;davidmd;16.349022302742355;3.0545391151856958;3.4560029280470537;40.36625746783236;36.561316485290014;16.561884003644874
_alvarocampoy_;davidpardi97;27.77085382056839;10.789454679664814;16.94450741496784;22.37537055761097;21.524069173304017;28.366598174452356
_alvarocampoy_;didacus;23.393955808462444;12.808110401073392;7.245752203465979;26.961149771052995;25.788393497506807;27.19659412690083
_alvarocampoy_;doark13;20.734658913182525;14.450798055912127;8.17504679274877;31.27429350214287;28.82814620382303;17.271715445373207
_alvarocampoy_;edgarfaber;20.53443143179934;0.0;2.063690044327896;30.750972460024283;29.109244179508835;38.076093316138994
_alvarocampoy_;edissa;23.536960258827214;5.3042881886203865;8.231110706000358;28.006166787330805;25.39587831489214;33.062556003156324
_alvarocampoy_;efebatlle;22.34814528422461;0.0;10.670809080300097;28.045017013347387;26.746818182606393;34.53735572374612
_alvarocampoy_;elenacf;23.69717175898131;12.644224878821557;6.056018527010548;28.12951271713086;25.224182223732328;27.94606165330471
_alvarocampoy_;eloyg8;23.952309779563688;12.509539642321592;10.24407306258717;24.982976197921502;24.955496323182427;27.30791477398731
_alvarocampoy_;endika;23.818316627418852;0.0;14.233315435216097;27.52928166521729;25.0958868330572;33.141516066509425
_alvarocampoy_;erni;18.66769237699698;4.012713015908667;2.0638659356243156;28.693574104813923;32.020121532117585;33.209725411535516
_alvarocampoy_;executionground;20.095479798233722;0.0;3.2919386865662696;28.34067468475604;29.74508619038627;38.62230043829143
_alvarocampoy_;explodingboy;17.310186662102478;0.0;0.0;38.107640063712125;34.53121507604973;27.36114486023814
_alvarocampoy_;ezequiel2517;17.854527924223145;0.0;7.0710523395123355;36.761716278752196;33.47844206088894;22.688789320846528
_alvarocampoy_;fabregatto;22.180583407010424;7.880115018095127;6.166887538615428;29.60524517348704;26.948875404544367;29.39887686525804
_alvarocampoy_;faildeguionista;17.51484314820246;0.0;0.0;36.00575963660044;34.12772661323971;29.86651375015987
_alvarocampoy_;falgarin;13.35169535506384;0.0;0.0;0.0;44.768979724280875;55.23102027571913
_alvarocampoy_;faure;18.024987107744945;0.0;0.0;34.05631571150693;33.16184222838037;32.7818420601127
_alvarocampoy_;ferrandis;34.21906638608941;26.268896292953016;16.886734342239674;17.262871158239765;17.468091381903385;22.11340682466417
_alvarocampoy_;figmare;32.7029655674203;24.432635879858115;15.132155846735525;18.577075271460135;18.27790746999156;23.580225531954653
_alvarocampoy_;filmandera;29.56009769920294;7.602284634550575;25.913206475206128;20.643415668183042;20.22123826240756;25.6198549596527
_alvarocampoy_;fraca1993;14.23343464617041;0.0;0.0;7.032859965848229;42.33885075573362;50.62828927841815
_alvarocampoy_;francorizzo;18.707246784782857;0.0;0.0;29.65255680967727;31.952418520605217;38.3950246697175
_alvarocampoy_;fshtravis;19.892375239855898;0.0;0.0;33.602951249616666;30.04878861514771;36.34826013523562
_alvarocampoy_;fuzilfalcao;19.02539835660077;0.0;0.0;35.50773655776906;31.47876820844983;33.01349523378111
_alvarocampoy_;garles;13.797059796019854;0.0;0.0;47.456920792781766;43.323852144792724;9.219227062425524
_alvarocampoy_;gazpachin;14.588942477365123;0.0;0.0;43.35429811041916;40.97224864400076;15.673453245580076
_alvarocampoy_;gorkalonso1;31.86738239596054;19.588496278996228;19.28830820359518;19.31574574947621;18.7571659074012;23.050283860531195
_alvarocampoy_;guillehormigo;16.28551212530481;3.0664511950578377;1.685373552187157;39.996790042202015;36.70389816644715;18.54748704410584
_alvarocampoy_;hobbitillo;19.32317508115815;0.0;6.887041185629045;33.04948408702544;30.93393172318149;29.129543004164013
_alvarocampoy_;huer;34.20195060973737;26.282042109081914;18.016351810968615;19.514801323117357;17.47683298698905;18.709971769843072
_alvarocampoy_;irca;17.06737433743137;2.925976024867899;1.627070381612484;37.44515369243591;35.153060719438386;22.848739181645314
_alvarocampoy_;itsmerocio;15.319950109203765;0.0;0.0;43.640060333320925;39.01721444096106;17.342725225718024
_alvarocampoy_;jarsito;19.530799827829433;0.0;6.242106861253825;32.12826145423241;30.605084477078403;31.024547207435354
_alvarocampoy_;jasikedevicius;17.55099161631623;0.0;7.371022798825099;37.39170244737289;34.05743628069078;21.179838473111214
_alvarocampoy_;javchas;19.753253813612485;0.0;0.0;31.336515619880302;30.260421107114446;38.403063273005245
_alvarocampoy_;jeanduvin;13.013995661344364;0.0;0.0;48.4191771221882;46.17770498113452;5.40311789667729
_alvarocampoy_;jepgambardella;37.63499947195137;31.18267908215922;17.609779117246863;17.2246672397289;15.882603614253096;18.100270946611925
_alvarocampoy_;jjm_24;19.865985487218378;3.7706708396797164;1.865366843586017;31.889096558139318;30.146810754804143;32.32805500379081
_alvarocampoy_;jlorenzo;17.848027664284984;0.0;0.0;33.23879879547383;33.728172919821866;33.0330282847043
_alvarocampoy_;joanpamiesll;19.564408522697647;2.5525294087390087;1.436492175814282;28.732214779685947;30.5525095707421;36.72625406501866
_alvarocampoy_;jorditrenzano;27.020278601695434;18.481944192698425;10.242853336138507;23.603536783960795;22.12196948251014;25.54969620469213
_alvarocampoy_;jorgemz;28.676278004557226;14.8024506158744;13.299854163257612;23.653195730238195;20.84446867688461;27.400030813745193
_alvarocampoy_;jorgepm91;35.13143605075589;19.190016275719177;22.11427386361613;19.10550272355634;17.014441930926054;22.57576520618229
_alvarocampoy_;juangl001;22.87545100911713;6.549212266748296;4.760295104215173;28.791451209381663;26.130272946198755;33.768768473456106
_alvarocampoy_;kaarlenberg;26.660355911666212;12.175446338657567;11.555777115884316;24.109543758052986;22.420622613446223;29.738610173958914
_alvarocampoy_;klepshydra;13.889208000239291;0.0;0.0;5.88140088573889;43.03641925625492;51.082179858006185
_alvarocampoy_;kndel_01;26.046330977489607;20.131689399948716;10.193598996877054;26.002252871777777;22.949173883731387;20.723284847665074
_alvarocampoy_;korin;25.59464092498115;9.755700082908398;12.163427518347632;24.069479407388677;23.354177164963232;30.65721582639206
_alvarocampoy_;lacaneli;33.48049812859229;22.37364924812256;24.183975811070095;20.39043013914175;17.975993512293705;15.075951289371906
_alvarocampoy_;lobo_lopez;13.610489248553192;0.0;0.0;46.554536532149385;43.91772901912168;9.527734448728943
_alvarocampoy_;loloaka;19.11758685202033;0.0;0.6549454804386015;33.38208631909429;31.266591503543204;34.69637669692389
_alvarocampoy_;lp_bit;40.26665628858348;27.90451172850163;20.85714405077504;16.583961971949;14.844584421207623;19.80979782756671
_alvarocampoy_;lunes14;35.39741163004843;28.216033782751207;17.15942955235647;18.482457303555183;16.886595689053504;19.25548367228362
_alvarocampoy_;lynndura;28.809974801952613;15.600449363755327;17.304848983392763;18.45241916477565;20.890168120075764;27.752114368000488
_alvarocampoy_;mabusecaligari;33.44359601216153;22.398336635484704;16.59018995615368;19.787808219359462;17.873131179382256;23.350534009619885
_alvarocampoy_;maciaflorit;28.74869942694878;26.92470620480816;14.798274895465024;20.541192039743173;20.791958959900295;16.943867900083355
_alvarocampoy_;malala;27.59235065109208;11.76419279664223;14.685497820896487;24.136761856631104;21.663314814824236;27.750232711005953
_alvarocampoy_;mann_ohne_namen;20.30426623840752;0.0;2.087083631300027;31.84446949459828;29.439220881813526;36.62922599228816
_alvarocampoy_;marioiglesias;25.040007497439287;9.97178777280255;14.005398434482782;25.826545160788662;23.91756891455021;26.278699717375805
_alvarocampoy_;marioquema;19.435519728558777;8.993098762306959;5.009331660387307;34.1865853577177;30.75512190997905;21.055862309608973
_alvarocampoy_;martincuesta;24.9276904288696;7.011702464552006;13.482536909172856;26.89327236589202;23.979027673713535;28.63346058666959
_alvarocampoy_;martinsalernx;30.609857009667405;25.287615214813545;13.120483751229298;20.88649949295679;19.52775468525859;21.17764685574177
_alvarocampoy_;mas0204;22.130334738636005;0.0;9.574347205366763;28.53214032235207;27.010064949088513;34.88344752319265
_alvarocampoy_;maties_tp;28.919398144273533;21.58530749396769;11.710069618214392;22.711149510310893;20.838167593229322;23.155305784277694
_alvarocampoy_;mcromance;17.308467755243644;1.442609733713742;7.1955611339839525;38.02057225769592;34.53464437685657;18.806612497749825
_alvarocampoy_;mllvfrp;26.260617320894664;12.360780738910112;9.443112848007017;25.38385301219539;22.761908881708802;30.050344519178694
_alvarocampoy_;mmgarnica;18.7725873141722;0.0;0.0;35.70092652473757;31.841203805954247;32.457869669308174
_alvarocampoy_;mrtoldo;23.014422907786983;4.3397766973225265;9.572504050883548;29.107836028576646;25.972486081038376;31.0073971421789
_alvarocampoy_;msgatsby;17.907935560853332;0.0;0.0;29.130949598326655;33.50304921336898;37.36600118830436
_alvarocampoy_;nachocea;20.313052772752965;0.0;6.247629653258343;26.124304501804207;29.426486768025956;38.20157907691149
_alvarocampoy_;nargual;20.670795950666502;0.0;10.250379765945041;30.75701316230938;28.917211512426295;30.075395559319276
_alvarocampoy_;natefisher;17.93659511465182;0.0;0.0;33.10691364007118;33.3252646232368;33.567821736692025
_alvarocampoy_;nestorjuez;30.537809479303142;22.07665975715483;12.951678243685036;21.884057172367243;19.57382630999597;23.51377851679693
_alvarocampoy_;ninotchka;18.458625221393426;0.0;0.0;35.87523336989252;32.50352825354229;31.621238376565184
_alvarocampoy_;orang_clockwork;17.312251678158255;0.0;0.0;37.89028628712356;34.655829730228184;27.453883982648243
_alvarocampoy_;padimo02;21.55586347363962;15.058628162539405;8.387950005928538;31.157804464838947;27.879024795746474;17.516592570946642
_alvarocampoy_;paloma55;17.73177002181237;0.0;0.0;37.38358300084654;33.77531426384046;28.841102735312997
_alvarocampoy_;pauixitador;25.43216254167875;13.74523681415234;7.529805161588008;26.44981691454585;23.50337992909713;28.771761180616675
_alvarocampoy_;paula_arantzazu;18.132024820041075;5.508345440115796;3.0324882602782126;29.8385552785426;32.96607988176547;28.654531139297934
_alvarocampoy_;pele_alvaro;18.29079172063423;0.0;0.0;33.78972226329219;32.67992921057119;33.53034852613661
_alvarocampoy_;pezespada;23.609974711572065;9.518192174272817;5.24001378296774;26.097028339140195;25.317340909418864;33.82742479420039
_alvarocampoy_;popovich89;19.84060239115994;0.0;4.271715230845937;31.49729317498696;30.185379109643296;34.0456124845238
_alvarocampoy_;quber;37.92479963519289;30.94439844323049;18.216108310167076;15.110358939370247;15.76123761721722;19.967896690014978
_alvarocampoy_;rachelmygod;17.003850506655358;0.0;0.0;38.89058020248494;35.394642931750816;25.714776865764247
_alvarocampoy_;rafanasal_lefou;27.24476121487253;27.494493927611856;13.520324283633883;22.68152781819673;21.9396959995865;14.363957970971034
_alvarocampoy_;rafaqc97;19.145626988144997;0.0;2.8922322800912164;32.42106161955598;31.22079935046007;33.46590674989273
_alvarocampoy_;rob3rtolm;21.849241370902593;2.285604670250703;13.576531420317812;24.741168669176627;27.504682751852403;31.892012488402447
_alvarocampoy_;rodasons;27.88787866672819;18.802313776295588;10.563156855199491;23.3171343233238;21.433748539245038;25.883646505936078
_alvarocampoy_;ruben0;18.759982411039797;0.0;0.0;32.148417957244185;31.98139706421267;35.87018497854314
_alvarocampoy_;saba1e7e;21.487541770740613;4.648156466811011;8.545992652088712;22.126979501718353;27.81806243883922;36.860808940542704
_alvarocampoy_;salanova;26.903400317860978;11.137341940888241;13.021039442036393;24.160009082539734;22.218075469025067;29.463534065510558
_alvarocampoy_;selasor;20.744714344443267;24.07298904655516;12.240800474302938;30.755766817002446;28.814172550693176;4.116271111446281
_alvarocampoy_;sergig;16.98600578958895;0.0;7.432606759550712;35.22511560754192;35.190249316999264;22.1520283159081
_alvarocampoy_;slayerkinney;20.94512214603516;3.5763979630137714;1.9433294119353546;27.57669862174182;28.538471844088942;38.36510215922011
_alvarocampoy_;stalker98;21.733095812697822;6.893458053443893;11.538946467222068;30.29845804937169;27.50375665699639;23.76538077296596
_alvarocampoy_;synthemesco;19.316448410098573;7.755886650363022;4.387628699858068;32.203226780766535;30.944704013142022;24.708553855870345
_alvarocampoy_;tensin;17.93167566211883;0.0;0.0;37.08001718202883;33.334407218750584;29.585575599220583
_alvarocampoy_;thomkeaton;17.76070447074616;0.0;0.0;35.495641229432024;33.65529670403417;30.8490620665338
_alvarocampoy_;tumbaparaelojo;19.811349419637647;0.0;0.0;34.32614931967463;30.171684218699777;35.50216646162559
_alvarocampoy_;uryenbg;22.97269459553125;6.521489402703872;10.241798943649934;27.45036325076352;26.198285736363292;29.588062666519374
_alvarocampoy_;utges;16.924323904027936;0.0;0.0;38.757795989776426;35.508446640654206;25.733757369569382
_alvarocampoy_;uwugorka;25.44349756795376;14.720478577697973;7.086059807470803;25.18771342048533;23.492909221273397;29.512838973072498
_alvarocampoy_;vareludo;18.294258360715965;0.0;0.0;32.45654019485498;32.673736581701746;34.86972322344327
_alvarocampoy_;vicioinherente;15.58316021164413;0.0;0.0;42.39756280182595;38.35818733282229;19.244249865351744
_alvarocampoy_;will_llermo;18.746677506831723;0.0;0.0;30.788500344625657;31.88521157510696;37.32628808026738
_alvarocampoy_;xosemfdez;23.908071956635435;0.0;16.678782779006696;26.24083384856326;25.001672226845173;32.07871114558487
_alvarocampoy_;yeraim;17.027608720994177;0.0;0.0;33.29916990690743;35.1042702724689;31.59655982062367
_alvarocampoy_;zombivirtual;18.567060829717562;0.0;0.0;34.536174663480345;32.193667275485566;33.270158061034074
_carlos_;1999_sohu;42.34694843713582;24.764790125337715;30.00516413441031;15.060853798266423;14.271235981167232;15.89795596081832
_carlos_;_alvarocampoy_;18.016290872601296;0.0;0.0;34.021292437293276;33.30155194804992;32.677155614656805
_carlos_;a_de_la_hoz;31.761088942860976;25.988823757278627;11.261299062390009;20.724618774896648;19.02778885559987;22.997469549834847
_carlos_;aaleeeex;45.90320980089229;27.19784103082433;34.8947545486165;11.434791204429988;13.165599897045515;13.307013319083659
_carlos_;abu222;18.851684389348552;0.0;0.0;34.35681544597915;32.06648973708482;33.57669481693604
_carlos_;aixa72;36.207434501566134;23.447073500398545;22.070691850054246;18.5059091288372;16.691138230258918;19.28518729045109
_carlos_;alain_pixar;20.539034872204407;6.078514451810029;3.19362488089924;32.20350241698241;29.424133022265202;29.100225228043122
_carlos_;alberto87fr;66.62459450568974;39.35158248522649;30.520458275355804;9.63836673974494;9.070873882423035;11.418718617249713
_carlos_;albertomilano;31.749723782021537;27.525522681030026;15.053161198808496;19.696025447788628;19.03460006070664;18.69069061166621
_carlos_;alcorona;28.291438914084583;17.651533479942017;19.441521647326855;21.42933900560785;21.361348783423686;20.11625708369958
_carlos_;alejandrogr;48.35862992397268;28.914888397869774;33.559968675515215;13.201893813045205;12.497113652285194;11.826135461284622
_carlos_;alvysinger_;32.74044190455561;13.727626352116857;27.982603281021422;19.459524612377365;18.458617510125787;20.371628244358572
_carlos_;amaiazufiaur;16.9888663767526;0.0;0.0;28.549180196841302;35.57290291338472;35.877916889773964
_carlos_;an_t_ar;17.25630809483826;0.0;0.0;36.89421079918169;35.02017007029649;28.08561913052181
_carlos_;anaorgana;25.651241079386637;9.734173867887558;19.29981575026684;25.196486322602066;23.560002120690257;22.209521938553294
_carlos_;andrestm;38.3040819507422;33.89735153443241;17.535745158325348;14.714021033045842;15.777516741057832;18.075365533138555
_carlos_;andreumarves;30.487128630015995;22.113359305987196;17.611783288117852;21.683654873770774;19.822899741161002;18.768302790963176
_carlos_;angelopoulos;53.9721644342955;22.20643710350989;39.86281317989612;12.218997929703177;11.197314403879433;14.514437383011387
_carlos_;antares_not;58.873901950577554;36.89809238378802;30.612862328827642;10.660518605311177;10.265045702865251;11.563480979207903
