usuario_base;vecinos;similaridad;imp_pelis;imp_dir;imp_gen;imp_fecha;imp_pais
1999_sohu;_carlos_;43.60378730939547;2.9220101287437106;17.63814322385872;25.727296309461426;27.45580510557346;26.256745232362697
1999_sohu;a_de_la_hoz;53.26503202713291;10.15520803234153;23.025485941210654;22.299989303272422;22.475854057908087;22.043462665267313
1999_sohu;aaleeeex;46.11980843162258;3.453253398660027;20.150415203420877;25.319389035704077;25.957980463136117;25.118961899078908
1999_sohu;abu222;48.564482714634366;0.0;23.572921409925705;25.279205727479052;24.65128874668078;26.496584115914473
1999_sohu;aixa72;51.018687478844015;14.671837859549646;13.040750596045097;22.86134105581672;23.465462272585402;25.96060821600313
1999_sohu;alberto87fr;49.14976559008977;3.8884430059824218;25.218634986502902;24.514508186205916;24.35773745527344;22.020676366035328
1999_sohu;albertomilano;51.90557793675279;6.750323595152899;23.094468271193524;24.691959401179403;23.06451702917952;22.398731703294647
1999_sohu;alvmb;46.1026408482669;6.5636246934056155;17.746185947451995;24.875346441024387;25.96764662943693;24.847196288681086
1999_sohu;anaorgana;52.00427473878049;11.331270905027218;20.623416056712287;23.721683110834018;23.020743818563126;21.30288610886336
1999_sohu;andreumarves;54.241279375840485;9.983088820028033;20.442332326588453;23.40191733791065;22.07132833162619;24.101333183846673
1999_sohu;angelopoulos;48.23459365047134;3.9622198051334165;21.05714096052632;25.043459496762907;24.819885389869782;25.117294347707578
1999_sohu;antares_not;60.16897806609232;20.91078797770427;18.84178817566176;19.90789600861976;19.89691573150214;20.44261210651209
1999_sohu;ariadnasc;48.41048025455021;8.224633611080554;20.38665135595738;24.42365954864095;24.72970893774833;22.235346546572785
1999_sohu;bander7;62.51451107441727;20.635743574511043;20.305052127662996;20.525301517888188;19.15038709662977;19.383515683308
1999_sohu;batty;58.17766684094266;14.508934226111503;22.48621382730598;20.766641812041208;20.577949430401073;21.66026070414023
1999_sohu;bergmantonioni;50.26412529928693;9.188736785229551;19.882157251550034;24.284053936587302;23.81772445264502;22.827327573988086
1999_sohu;borinot;55.726579767885234;12.00336034755349;24.57001246139732;22.660755378546376;21.48305335116875;19.282818461334077
1999_sohu;bracero;52.39896207087818;4.863100455970719;22.588286156553682;23.755094799940466;22.84734351440514;25.94617507312998
1999_sohu;carlos_;43.50415723477216;4.759140595652765;16.35056119902735;25.377799409944455;27.51868240478764;25.993816390587785
1999_sohu;colmener;47.92015563263428;2.6588124868874927;22.488359608889027;25.197672608986007;24.982746204111773;24.672409091125694
1999_sohu;danielquinn;66.3005026671101;22.099729036861717;21.328135079256906;18.686174536802312;18.056832724822268;19.829128622256796
1999_sohu;davidpardi97;54.47334821594538;14.618468519751337;18.736136657605737;21.41712541489736;21.977299458181697;23.25096994956388
1999_sohu;didacus;49.295087246726574;11.630939689663563;14.723221887895294;22.232903625553053;24.285930974006696;27.127003822881406
1999_sohu;diegoceprez;26.6530193540986;0.0;0.0;42.948960030352644;44.91712816197472;12.133911807672641
1999_sohu;diogoserafim;51.117811791462174;14.643387192517848;16.658262741434967;23.462500749831968;23.419959585038317;21.8158897311769
1999_sohu;edgarfaber;42.71032727317425;0.0;11.967698889128034;27.405558525501228;28.030154828234462;32.59658775713628
1999_sohu;elenacf;49.22806485034989;10.999731786473454;19.51915571261842;24.13958395263002;24.318995472825915;21.02253307545218
1999_sohu;eloyg8;61.89456696596595;19.555863897991976;18.458254799760123;20.271633117726147;19.342199887914763;22.37204829660699
1999_sohu;ezequiel2517;38.28964303660671;0.0;12.893151457800323;30.734926029801034;31.26634231317021;25.105580199228427
1999_sohu;fabregatto;47.295613316389364;3.0306626056834416;22.867818472850633;25.202007488918916;25.312645344569017;23.58686608797799
1999_sohu;faildeguionista;48.185171443044915;1.9831418726024468;18.26124666502521;25.57757398056728;24.845342464884823;29.33269501692023
1999_sohu;falgarin;49.05915557836568;11.362238947463448;17.433532007415792;19.891994185797774;24.40272507991507;26.909509779407916
1999_sohu;faure;53.34112244418425;19.10881546266097;17.602229944452453;21.631996904505648;22.4437925445674;19.213165143813516
1999_sohu;fifole;45.7449946749654;5.222321688208958;21.050436491617862;25.224458379999973;26.170668391985007;22.332115048188196
1999_sohu;figmare;52.1060145457424;8.252620044372046;24.251279262764076;23.555378194685915;22.975794573209424;20.964927924968546
1999_sohu;filmandera;50.61383917222054;9.43991136515852;18.29265805166118;24.09961916337221;23.65315703790183;24.514654381906265
1999_sohu;fleming22;54.902118133054614;8.992667513498098;24.750957238698007;22.229579571449037;21.805663004299678;22.221132672055187
1999_sohu;francorizzo;73.32689330058801;24.10880232722991;23.964309333250664;17.17415142042597;16.32657586247472;18.426161056618724
1999_sohu;fshtravis;55.07655250911791;13.012528940252354;22.93887661331607;20.9935267039599;21.736601724181032;21.31846601829066
1999_sohu;gazpachin;35.71286605212029;0.0;7.541385520579282;30.580169164163966;33.406496846569205;28.471948468687547
1999_sohu;hill_valley;42.13612070268807;3.401761820985597;7.222390923527652;30.642204256811034;28.412133491806372;30.32150950686935
1999_sohu;igortxu;41.58506071496127;6.12771538524174;14.662076060631652;27.245211711749445;28.788633842271267;23.176363000105905
1999_sohu;isaac98tm;57.685186006948705;16.841527557464726;20.905693333761302;21.022158147365573;20.75363137578214;20.47698958562627
1999_sohu;ivan_cheyenne;51.007638353510195;5.932453288774365;22.51585664048909;22.392381141590818;23.470545292345477;25.68876363680025
1999_sohu;ivan_suarez;51.199047530818035;13.064817611850653;19.20581475667706;23.33816605089931;23.382799953671547;21.00840162690144
1999_sohu;jal90;50.29755282039963;8.549345166115748;17.71375256574229;24.183916564635123;23.801895303067102;25.751090400439733
1999_sohu;jarsito;56.35623927012857;7.347630127811145;28.95993893426157;22.125962816531228;21.243026535061915;20.32344158633416
1999_sohu;javchas;59.45275381545691;23.037875033932174;20.33074235333054;18.798208573082864;20.136612846357163;17.696561193297256
1999_sohu;jjm_24;53.61694831536793;12.17860956070574;20.302599183084023;22.68536046274435;22.32833318282121;22.50509761064468
1999_sohu;jmrebollo;51.985357243941245;9.803584311002451;23.881765844076533;23.308461841144336;23.02912107757357;19.9770669262031
1999_sohu;jorgemz;55.67678633736453;15.160644087990308;20.361513034765466;21.92036468898105;21.5022662942063;21.05521189405686
1999_sohu;josetteandriot;40.18811906373588;4.7555363800769515;10.298118090477617;29.690292197424146;29.78932864046188;25.466724691559413
1999_sohu;juangl001;60.18149222669675;18.5246934769391;18.17022887534401;19.866600935609746;19.89277835986538;23.54569835224177
1999_sohu;judex1916;48.20417256259414;8.920620710046553;20.56697051622294;23.370552648700713;24.814603421203014;22.32725270382678
1999_sohu;juniper_girl;47.33995208472957;5.719223255146051;15.04579086578061;25.01311091033457;25.288937430458713;28.93293753828006
1999_sohu;kaarlenberg;65.16976387817311;23.949468007829203;19.321351064869315;19.119093256680735;18.3701307936241;19.23995687699664
1999_sohu;kndel_01;58.699051868263275;10.310232355439512;24.20492851804116;21.42508350729808;20.395169055173707;23.664586564047543
1999_sohu;lacaneli;48.353703149338756;2.990601650710053;23.935787093733747;25.698940839771144;24.758746657607567;22.615923758177487
1999_sohu;lobo_lopez;43.51320515489802;8.052255544477399;16.298219601327414;26.753059278145297;27.512960306415867;21.383505269634032
1999_sohu;lubilder;58.13022822739411;14.79475148077573;24.762074259379997;20.40078439374323;20.59474257607447;19.447647290026584
1999_sohu;lunes14;54.42862867853525;9.070897175700104;25.33685145104229;22.865617658990438;21.995356401543226;20.731277312723943
1999_sohu;m0liner;51.48552523547014;11.445440686280767;18.017551060762184;24.25773855005742;23.252692494760897;23.02657720813873
1999_sohu;mabusecaligari;56.61098651774148;12.94115536647352;22.903190966946415;20.821539156245432;21.14743373808638;22.186680772248252
1999_sohu;malala;38.347363430808414;1.2459530796641207;8.52959914635807;30.574810088479087;31.219280261386185;28.430357424112533
1999_sohu;mann_ohne_namen;56.51153162977004;18.036772955206274;18.90112245352953;21.286667961998486;21.184651197826877;20.590785431438842
1999_sohu;manuelsanbai;51.181172117304925;2.8005815568725754;27.226518429564432;23.39671015029862;23.390966574344255;23.185223288920113
1999_sohu;marioiglesias;50.9285205039927;5.628949958583922;22.506373515131457;24.435723938387078;23.50700696553286;23.921945622364692
1999_sohu;martasalvador;46.04152980014463;8.647811329433159;19.616790295829425;23.133909125731154;26.002113557657648;22.599375691348616
1999_sohu;martincuesta;49.6381902422991;1.925090956394305;21.53991539749109;25.28632210275843;24.11806474788573;27.130606795470463
1999_sohu;maties_tp;59.707550128239276;15.204129021521043;21.696896461897886;20.462296763819698;20.050681759012964;22.585995993748405
1999_sohu;metaltft;60.56217008285245;15.515526796110445;23.264820356919024;20.61871854009239;19.76773759252408;20.833196714354063
1999_sohu;mmgarnica;50.70157209627541;13.19300744009373;20.77842378215305;22.725312735644494;23.61222811707618;19.691027925032547
1999_sohu;mrtoldo;44.165811965081225;4.687843188286878;12.109515330865591;27.679819686995533;27.10642084828334;28.41640094556865
1999_sohu;mundorath;48.49810745084696;7.34102941169468;20.19591465251424;25.9159405368043;24.685026883677548;21.862088515309228
1999_sohu;nichedeath;48.232907808204;10.56628878161632;14.420467762296246;23.898000583282304;24.82075289742349;26.294489975381644
1999_sohu;ninotchka;51.559708161886086;15.444558443969294;18.661541894112624;22.124865546548023;23.219237053723578;20.54979706164649
1999_sohu;niskanen;51.24493440367815;12.742330280405959;15.773909327248209;24.133392801164625;23.36186200963721;23.988505581544
1999_sohu;notwormwood;49.06475423179027;4.544376972592744;17.253434251081636;25.599292218853872;24.399940547464492;28.202956010007256
1999_sohu;olivermayorga;30.692341109581733;0.0;0.0;35.51208077139185;39.00572725805843;25.48219197054973
1999_sohu;padimo02;59.31723295515355;16.10965757615095;23.299241269042504;21.38888593893174;20.1826185509489;19.0195966649259
1999_sohu;paloma55;53.19970266171623;12.87286436103781;20.369760863766857;22.204438737125777;22.50345446184526;22.049481576224302
1999_sohu;paula_arantzazu;57.98419179022687;11.536010026845853;23.622578016839594;21.47315902189183;20.646611589633665;22.721641344789056
1999_sohu;popovich89;58.673089862881696;20.086705052067746;16.82795871462677;21.02717196436938;20.404193626574433;21.653970642361674
1999_sohu;quber;59.47037910560902;16.871581145533376;23.169520782901134;20.483675807738845;20.130644940158557;19.344577323668094
1999_sohu;rachelmygod;50.767766038516235;9.097580081907497;21.205696288005576;22.60638594247073;23.581441131827056;23.508896555789153
1999_sohu;rafanasal_lefou;52.18976161686933;3.9671076157731036;22.250260188028896;24.0949396132604;22.93892612540072;26.74876645753688
1999_sohu;rafaqc97;69.33069761783932;20.90411398163604;24.603064501986598;18.721037066592995;17.267633636555196;18.50415081322918
1999_sohu;rodasons;61.84073492482945;17.51258326341644;21.6943187146644;20.021814753490105;19.359037173262397;21.412246095166672
1999_sohu;ruben0;48.56004862515168;8.199301160170153;16.431374203333245;25.848945860124868;24.653539692123815;24.866839084247932
1999_sohu;saba1e7e;50.908191869015596;7.195419293818228;21.154879421145065;23.711476130598683;23.516393772379896;24.42183138205814
1999_sohu;solina1871;57.66374536445546;19.05733578382041;17.310593310828327;21.817675355344516;20.761348030119322;21.05304751988742
1999_sohu;toshiro15;57.65849848095871;9.9438626025394;23.792603770405943;21.84340964560801;20.763237298435687;23.65688668301097
1999_sohu;uryenbg;63.63786904412414;16.517497493052606;22.099265967090453;20.494712734401165;18.812337751309073;22.076186054146717
1999_sohu;utges;62.605697852777986;19.58812229865384;20.56120724454928;19.02556418609533;19.122494074690955;21.702612196010595
1999_sohu;vareludo;53.764375300725256;7.998068194177166;22.29272088032;22.90541948426784;22.26710678837721;24.536684652857797
1999_sohu;will_llermo;55.13544854836701;12.420912034678611;22.792090754069942;21.570526987577324;21.71338254700926;21.503087676664883
1999_sohu;xosemfdez;28.352471179702455;0.0;6.471765062056333;16.35909082301482;42.22478804911717;34.94435606581167
1999_sohu;yeraim;61.90667066577934;19.80930411770105;24.06536375746086;20.683343575606987;19.338418192361505;16.103570356869596
_carlos_;1999_sohu;43.60378730939547;2.9220101287437106;17.63814322385872;25.727296309461426;27.45580510557346;26.256745232362697
_carlos_;a_de_la_hoz;65.28426992842043;20.086233745097445;21.059226799982923;19.626312327367955;18.33791030433915;20.890316823212537
_carlos_;aaleeeex;52.178999141363725;13.12467789112746;13.570103849660198;23.649208414331724;22.943657523752776;26.712352321127852
_carlos_;abu222;58.39821016039379;8.999747933305859;23.820909465280465;22.34569021123115;20.50023593092201;24.333416459260523
_carlos_;aixa72;55.69649633990356;14.011484362974857;19.300889531757047;23.366017600061483;21.494657023406443;21.826951481800172
_carlos_;alberto87fr;67.92930741454917;18.7563679093762;24.10504235681026;18.824383173058575;17.623867102393376;20.690339458361596
_carlos_;albertomilano;50.92198504266667;8.131749011833996;20.74584435905162;21.59745337792152;23.51002391655677;26.01492933463608
_carlos_;alvmb;79.56972095448056;29.82320927098741;21.52981179203765;16.604387900562877;15.04563635351327;16.996954682898807
_carlos_;anaorgana;68.3027538937172;20.052853431867536;22.54156352669926;18.846018900154043;17.52750830653933;21.03205583473985
_carlos_;andreumarves;55.78943555425259;8.278696719664863;25.09433967885351;20.385628983128203;21.45884923082689;24.78248538752653
_carlos_;angelopoulos;60.6434803196093;16.01996858810501;20.413552260384755;21.207931090842063;19.74123318652158;22.617314874146608
_carlos_;antares_not;67.16209499945305;20.39342448794643;21.312671382483778;19.249502384562973;17.825189733009204;21.219212011997623
_carlos_;ariadnasc;67.35893952078676;19.15162901012575;23.836749491909764;19.537059994961066;17.77309878612614;19.701462716877288
_carlos_;bander7;56.89769427380782;5.59823687918282;26.702713506183525;21.13674944243681;21.040871717410624;25.52142845478624
_carlos_;batty;73.32255491820922;24.76185661346174;22.42408839516547;17.55854302561964;16.327541880763455;18.92797008498969
_carlos_;bergmantonioni;69.75093202774887;20.09317652283811;23.480477401083192;18.418836295908342;17.163599846312717;20.84390993385764
_carlos_;borinot;51.95077357646651;16.247995621883046;18.01795986974068;22.961441962134728;23.044451580100354;19.728150966141197
_carlos_;bracero;58.01487492299044;17.843906502469874;20.339490772539104;21.971431049657596;20.63569192936786;19.209479745965563
_carlos_;carlos_;54.02819044968258;14.444137052227148;13.181776732446533;23.913214187941076;22.158378362617785;26.30249366476746
_carlos_;colmener;59.530723823390865;15.516821817424944;19.107219290872703;21.317921937783368;20.1102390386398;23.94779791527918
_carlos_;danielquinn;75.98338548717847;22.846716919507035;25.55334158502957;17.084516684813657;15.75577448353697;18.759650327112762
_carlos_;davidpardi97;71.51515134914752;21.379084979785983;25.496432916709992;18.27481615300873;16.740188109046215;18.10947784144908
_carlos_;didacus;34.01092973948788;0.0;19.099249379832532;21.607114228311257;35.19977534873664;24.09386104311957
_carlos_;diegoceprez;23.929842098226942;0.0;0.0;42.92507239818507;50.028624564987965;7.046303036826977
_carlos_;diogoserafim;78.25750225801838;26.049532273506284;23.719681796854402;16.7588818892949;15.29792098761975;18.173983052724672
_carlos_;edgarfaber;59.65912944279377;13.614735450679062;23.22439142216178;21.637803319024496;20.0669553413379;21.456114466796777
_carlos_;elenacf;64.42884155187747;20.26980040743499;18.433189163130052;20.251743184947617;18.58138463141052;22.46388261307683
_carlos_;eloyg8;39.0677936855995;6.52254433383086;19.79530487307989;22.164128397506325;30.643580640002263;20.874441755580666
_carlos_;ezequiel2517;58.66026288633534;17.10458285500871;16.743766996550825;22.632537039913224;20.408655320065346;23.1104577884619
_carlos_;fabregatto;61.28888480938607;14.29212852200777;22.150526860112574;21.093482388825592;19.533347522229644;22.930514706824415
_carlos_;faildeguionista;56.67761007286775;18.26491982543727;15.743312787666014;22.336506364645345;21.12257529370919;22.532685728542184
_carlos_;falgarin;34.93625088596518;15.499531174322525;10.097209016572231;20.242551256743734;34.26747449631401;19.8932340560475
_carlos_;faure;69.19183986751;24.168537040330406;19.39314639678928;18.861337644487737;17.302287213694843;20.274691704697727
_carlos_;fifole;64.64051861523603;13.304693380698826;25.716349854786838;20.586671265477925;18.52053652845322;21.871748970583173
_carlos_;figmare;56.82351674030679;12.051921382156218;19.277237627954467;22.070011323522596;21.068338513840033;25.53249115252669
_carlos_;filmandera;58.17823791836535;16.15129653925925;21.004275392827353;18.49693279930145;20.57774743730631;23.76974783130564
_carlos_;fleming22;54.62716020801824;12.244938513066385;18.355905223177892;22.668304533391;21.915418661208683;24.815433069156033
_carlos_;francorizzo;52.05787329075458;15.908633041483515;14.786384406617923;22.511677475417798;22.997041764367598;23.796263312113165
_carlos_;fshtravis;70.450149828986;17.859163482680483;26.978295813448366;17.633505571052314;16.993251102200965;20.535784030617872
_carlos_;gazpachin;68.70229725588699;21.0345987594833;21.748335391596637;19.2453257660741;17.365383616046042;20.606356466799934
_carlos_;hill_valley;40.29575793860342;9.48566658285241;11.569742998760365;30.748836702952737;29.709754760183856;18.485998955250636
_carlos_;igortxu;65.04521533069062;15.915267535287501;24.397640866759136;20.416428678190247;18.405305911359925;20.865357008403205
_carlos_;isaac98tm;66.9497104398795;23.788509937629648;18.143283337753378;19.064451769040485;17.88173658057414;21.122018375002344
_carlos_;ivan_cheyenne;53.069153333141415;15.605479851992904;13.215670195002488;21.836524705594876;22.55881262541282;26.78351262199691
_carlos_;ivan_suarez;64.2674111124795;19.081647212869544;19.543033851542393;20.404980198401756;18.62805838150793;22.342280355678376
_carlos_;jal90;50.70761163786123;5.653472607407183;20.00964116488125;23.71833557370551;23.609415777290486;27.009134876715585
_carlos_;jarsito;47.93106948542484;6.31324181061538;13.48775610547541;26.12390004409077;24.977057659764593;29.098044380053853
_carlos_;javchas;57.04540571608507;14.517726584757057;17.223813210676646;22.377994137323807;20.986389196528613;24.89407687071388
_carlos_;jjm_24;66.16012401837769;20.220827207180086;20.267534811944532;19.557897888793992;18.09514573913272;21.85859435294867
_carlos_;jmrebollo;70.06410079788685;20.45798705164687;23.68347225735008;18.526717190381614;17.086882905771148;20.24494059485027
_carlos_;jorgemz;56.53248070004169;14.931167554853873;15.68702406243475;22.23304120938212;21.176800865750028;25.97196630757923
_carlos_;josetteandriot;41.81621696857942;0.0;9.010869684485543;29.677414498204847;28.629492886245416;32.682222931064196
_carlos_;juangl001;51.456813974124074;8.666247366539004;18.003939564284853;24.164891151573286;23.26566675569265;25.899255161910215
_carlos_;judex1916;73.92754367417066;22.620331497782384;24.141922231856345;17.998967723711033;16.180267406962887;19.058511139687354
_carlos_;juniper_girl;49.996004710243035;10.512223411565687;13.897015888462027;25.90817502073016;23.945455105262948;25.737130573979183
_carlos_;kaarlenberg;45.969914053842324;1.385805377190939;19.34593243842889;22.309103627140995;26.04262180759016;30.916536749649026
_carlos_;kndel_01;46.22965331399158;11.024154328328367;11.790145148975945;24.233353914345006;25.896302490101288;27.056044118249403
_carlos_;lacaneli;57.538580801921384;14.800027524277834;19.19617804059836;20.864351720345717;20.80651051079908;24.332932203979006
_carlos_;lobo_lopez;80.42780883025932;30.693145899282815;20.62444730164121;16.26139212284335;14.885113788916577;17.535900887316057
_carlos_;lubilder;60.54126060221762;16.047017193393543;19.56833455218307;20.532222545561595;19.774564888855107;24.07786082000669
_carlos_;lunes14;59.210552485937534;14.255836268785659;21.322482248588564;20.165340177248787;20.21898185320882;24.03735945216816
_carlos_;m0liner;48.303352686664816;7.583444328675797;21.602518956753084;22.07291707134643;24.784554687073427;23.95656495615125
_carlos_;mabusecaligari;69.53020045096817;23.592810851177028;21.129734702300897;17.935919265248867;17.218087657835444;20.12344752343776
_carlos_;malala;53.51517172197698;9.820937769390182;16.92348248037373;24.054160310863672;22.370797807605594;26.83062163176684
_carlos_;mann_ohne_namen;61.64481273816165;14.209607909539699;21.938671122204546;21.200427440172184;19.420564895163007;23.23072863292057
_carlos_;manuelsanbai;64.69537141933928;17.478376121781352;21.256225953988434;20.317304445986004;18.504833652964688;22.443259825279526
_carlos_;marioiglesias;56.960609516841046;15.657749535207966;19.1475661270453;22.16227435567237;21.01763124352945;22.01477873854491
_carlos_;martasalvador;43.71837726715993;7.2858781669229264;20.312230308326736;19.601275585836113;27.38384087121474;25.416775067699486
_carlos_;martincuesta;58.17385731900059;13.14102733167314;21.55744434814171;21.175049514820316;20.579296979858693;23.54718182550614
_carlos_;maties_tp;67.28716948465922;19.882132745771507;22.5661536412834;19.010433227807;17.79205598036909;20.749224404769
_carlos_;metaltft;58.10820384645522;12.881793979978582;22.512681972501603;20.50785392651281;20.60254846966279;23.495121651344235
_carlos_;mmgarnica;64.27498419666111;20.318320962055576;19.071598687390644;20.059763046064205;18.625863564099156;21.924453740390426
_carlos_;mrtoldo;58.1742697383775;19.985170716822676;14.703196219758524;22.6581220372991;20.57915108544737;22.074359940672323
_carlos_;mundorath;62.90364855840933;19.55225400919614;19.180326133769896;19.579390550816292;19.03191807896481;22.65611122725286
_carlos_;nichedeath;63.193154746171736;19.65805330725709;18.846033697499106;20.591548960518544;18.944727337009;21.959636697716277
_carlos_;ninotchka;66.85613413960593;22.154279506786867;19.14035167357331;19.60488020312753;17.90676505063468;21.193723565877615
_carlos_;niskanen;42.924181240744225;14.099298957188383;18.493161537728966;27.62736003511558;27.89050487689355;11.889674593073519
_carlos_;notwormwood;50.66647513380153;8.801430875467364;21.86144577900164;23.23685060287976;23.628584445041792;22.471688297609443
_carlos_;olivermayorga;42.0496725659648;1.8937529770559802;7.255726516553963;30.81479541281062;28.470544790891903;31.56518030268753
_carlos_;padimo02;47.66859467972106;13.364219044603228;16.0803553261682;21.062282727792248;25.114587377188546;24.378555524247798
_carlos_;paloma55;68.44784554236239;18.84695434890209;23.207806519064263;19.110934450414394;17.490354542871714;21.34395013874754
_carlos_;paula_arantzazu;50.21862494551039;21.565525153606604;15.305831786795745;25.068869069345837;23.839304392157967;14.220469598093844
_carlos_;popovich89;62.381163704168436;12.765342593425181;24.465366258189647;20.60635858483093;19.191323392250883;22.971609171303367
_carlos_;quber;58.65536686588931;13.84772285950547;22.16484494269029;20.083622464064888;20.41035885034845;23.4934508833909
_carlos_;rachelmygod;84.05112610992629;30.317430370416673;23.12413801056474;15.770715730590405;14.243438983386268;16.54427690504191
_carlos_;rafanasal_lefou;43.16778644560029;8.116687843330942;15.002819717044058;25.193038946401657;27.733112693659024;23.954340799564317
_carlos_;rafaqc97;49.75774537691229;15.363723641958936;12.228442633009774;24.205114471144384;24.060115207453357;24.142604046433554
_carlos_;rodasons;55.37511556342928;12.942369982655839;19.182501031777043;21.400046358950437;21.619405649101285;24.855676977515405
_carlos_;ruben0;42.96219279133629;15.198942068457093;12.334303336776715;24.284794540381686;27.8658282654758;20.31613178890871
_carlos_;saba1e7e;58.9984248020831;12.687421960970829;23.047572031753237;20.597656581732835;20.2916788074886;23.37567061805451
_carlos_;solina1871;39.28119417329814;4.865332286266733;18.67073641061965;25.664076006843832;30.477105175316563;20.322750120953238
_carlos_;toshiro15;61.792211246544326;17.010854947488458;22.462569951199843;19.20381410298465;19.374239278394338;21.948521719932724
_carlos_;uryenbg;53.4938248212589;15.779315546126634;16.682020919687847;23.4995663920237;22.37972495389545;21.659372188266392
_carlos_;utges;67.54829407060092;22.634598239263557;20.00870324106355;19.165422750692976;17.723276401034788;20.467999367945133
_carlos_;vareludo;61.150973524322254;19.012333656234315;20.274609506428213;20.81315668023619;19.577400280560916;20.322499876540366
_carlos_;will_llermo;52.261640601494555;9.751757250880976;16.05991281629524;24.895509057133516;22.90737666198338;26.385444213706897
_carlos_;xosemfdez;30.53449068496025;2.263419917962556;3.540765234262219;8.29014986040622;39.207370399052;46.698294588317005
_carlos_;yeraim;42.76587475584443;8.192968095867766;19.411010313805743;24.531239932022082;27.993747189002182;19.87103446930222
a_de_la_hoz;1999_sohu;53.26503202713291;10.15520803234153;23.025485941210654;22.299989303272422;22.475854057908087;22.043462665267313
a_de_la_hoz;_carlos_;65.28426992842043;20.086233745097445;21.059226799982923;19.626312327367955;18.33791030433915;20.890316823212537
a_de_la_hoz;aaleeeex;60.13811034940665;19.624554018031326;21.85405962673547;19.14964090483271;19.90712842947602;19.464617020924457
a_de_la_hoz;abu222;70.31973880802798;21.211980561541687;23.663173042459874;18.432958863017628;17.024765827130246;19.66712170585057
a_de_la_hoz;aixa72;55.04652094076861;20.844200466136336;16.265317426833235;22.65832498567223;21.7484604979819;18.4836966233763
a_de_la_hoz;alberto87fr;72.47921966041325;28.947664984345927;21.341370547842626;17.307952029633945;16.5175217371375;15.88549070103999
a_de_la_hoz;albertomilano;79.0636164271639;28.40278777928141;24.242558539346785;15.04556088077002;15.141946957795938;17.16714584280584
a_de_la_hoz;alvmb;48.43016616319389;14.21511601161622;12.544541336120314;26.240742745762585;24.719656798152265;22.27994310834862
a_de_la_hoz;anaorgana;73.74469911889483;23.11636846751464;24.342309842906747;18.031773074471314;16.234076490046988;18.27547212506032
a_de_la_hoz;andreumarves;79.54310343441084;28.231575353291678;23.534607176180913;15.764851101237625;15.050671076956409;17.41829529233337
a_de_la_hoz;angelopoulos;71.92159003158991;29.85582610973394;19.610120839345807;18.12860239792951;16.645587030345226;15.759863622645547
a_de_la_hoz;antares_not;78.14636392952617;28.736168972217207;23.04167868330182;16.5286582950922;15.319677410855299;16.37381663853348
a_de_la_hoz;ariadnasc;56.20253649761415;11.374328524060978;22.399515580881694;22.919831890915553;21.301121992642823;22.005202011498955
a_de_la_hoz;bander7;79.32969813892865;25.82803036771862;25.12044291573556;16.119128643411138;15.09115897724765;17.841239095887033
a_de_la_hoz;batty;70.29836392757016;25.881821531127898;22.037363414394022;18.157724922033797;17.029942367721606;16.89314776472268
a_de_la_hoz;bergmantonioni;70.3579725480679;27.49069808012881;19.044040141781803;18.18144199490689;17.01551427471477;18.268305508467733
a_de_la_hoz;borinot;76.89054178418355;30.697757297816946;24.180903442409154;16.142182732021304;15.569887510896688;13.409269016855909
a_de_la_hoz;bracero;58.73078503622742;21.211181658968933;19.26360617701177;21.580989368741786;20.384149224179012;17.560073571098496
a_de_la_hoz;carlos_;65.24473586764195;25.37423592693514;18.59185192795746;18.918213164719255;18.34902188370078;18.766677096687364
a_de_la_hoz;colmener;71.23817863918079;27.151027971188565;20.67590462080174;17.970987997059314;16.805273648211934;17.39680576273845
a_de_la_hoz;danielquinn;68.5203031213211;22.00825598858291;20.89578814992434;19.323724989743965;17.471859167230097;20.30037170451869
a_de_la_hoz;davidpardi97;79.32346916612249;26.863260887334327;23.176403135931334;16.734624677303692;15.092344029034606;18.133367270396025
a_de_la_hoz;didacus;50.56567052213438;16.532231674699208;23.868894119310564;17.923278894193537;23.67568893816196;17.999906373634733
a_de_la_hoz;diegoceprez;23.214905447076656;0.0;0.0;41.74755120591187;51.569328548886865;6.683120245201273
a_de_la_hoz;diogoserafim;58.99246294996709;16.11567654685012;21.414656204824688;21.972490581665433;20.29372950993746;20.203447156722305
a_de_la_hoz;edgarfaber;61.81069074853763;21.480208818285277;16.505375211679347;21.398976887375486;19.36844697468396;21.246992107975938
a_de_la_hoz;elenacf;79.59594782077303;30.27216300101568;22.883886103153117;16.05813032452539;15.040678816053987;15.745141755251824
a_de_la_hoz;eloyg8;57.510040780389176;21.946442257234768;23.07303011199723;17.669246938413195;20.81683598179389;16.494444710560913
a_de_la_hoz;ezequiel2517;48.416515126160206;10.4950676875298;17.036065765043812;25.942967618016258;24.726626505689705;21.799272423720446
a_de_la_hoz;fabregatto;91.92512435375305;31.56138968176372;25.056499453641244;14.503229819856452;13.023393709260315;15.855487335478259
a_de_la_hoz;faildeguionista;62.9676741504707;21.866471638336833;20.072829994941902;20.51619784468856;19.012566406229414;18.531934115803296
a_de_la_hoz;falgarin;28.04989253154857;1.7531017777324087;4.77368151069549;24.08224238926308;42.68027354775558;26.710700774553445
a_de_la_hoz;faure;74.74317296608893;29.825274886763204;22.20762245266458;16.672906935265246;16.017209849718316;15.27698587558866
a_de_la_hoz;fifole;60.25293451051196;15.50649807139189;23.693485504525558;21.45707582390317;19.869191367314652;19.473749232864726
a_de_la_hoz;figmare;69.76341140620042;25.3754132282019;20.487858366484303;18.33911265216909;17.160529597112518;18.63708615603218
a_de_la_hoz;filmandera;61.76653974714681;22.291694930294444;16.570293601169897;18.74938787932432;19.382291627999784;23.006331961211558
a_de_la_hoz;fleming22;82.55457866276214;29.3858073624425;22.754450741222694;15.721004811233497;14.50164370800247;17.637093377098843
a_de_la_hoz;francorizzo;68.02229304054715;25.302014960789457;19.79743617520415;18.154251064460944;17.599775495924824;19.146522303620618
a_de_la_hoz;fshtravis;68.49134760898738;22.735524154984795;23.24213025193523;18.087713674835136;17.479245598527935;18.455386319716904
a_de_la_hoz;gazpachin;56.27966249667333;21.622453197349465;13.91813004557527;21.98210544393027;21.198452411164066;21.278858901980936
a_de_la_hoz;hill_valley;43.75203928447712;13.861827843600857;12.594189722084947;29.00185459546061;27.362772245827372;17.179355593026223
a_de_la_hoz;igortxu;54.048512166968806;18.196362671501326;16.87342702368004;23.26340197175502;22.150047026887112;19.516761306176505
a_de_la_hoz;isaac98tm;75.54170524237935;28.85904357288988;22.52681572682993;16.960393409192328;15.847895972038712;15.805851319049165
a_de_la_hoz;ivan_cheyenne;74.45621641357455;29.279776332587993;20.741920269006453;15.966969809670376;16.078940670068416;17.932392918666757
a_de_la_hoz;ivan_suarez;86.65101693280188;29.888250886743826;24.56581556471557;15.244286135770947;13.816076586383906;16.48557082638575
a_de_la_hoz;jal90;67.96234389983957;25.80670196433257;17.23480957130101;19.527901770032834;17.61530014320865;19.81528655112493
a_de_la_hoz;jarsito;71.13711054391085;25.34623990905453;21.702895281128857;17.888731015175278;16.82914975148811;18.232984043153227
a_de_la_hoz;javchas;66.45692450885235;22.691576275222573;23.345985873038064;18.172419605520627;18.014331765716452;17.775686480502298
a_de_la_hoz;jjm_24;86.08962259377385;32.17755029289328;23.826831168899716;14.951219570037212;13.906171849314406;15.138227118855385
a_de_la_hoz;jmrebollo;75.5965645416092;28.621273168419812;23.170687761427658;16.800825639229267;15.836395390331523;15.570818040591725
a_de_la_hoz;jorgemz;79.48556867006198;29.901762908371467;22.054932532428296;15.92488098563735;15.061565341515294;17.056858232047603
a_de_la_hoz;josetteandriot;37.523725074695136;0.0;6.435083208667303;32.208701493720824;31.904537298696376;29.451677998915507
a_de_la_hoz;juangl001;55.440245863523096;16.852595045897623;16.21592696319656;22.14660878460082;21.594007522598705;23.1908616837063
a_de_la_hoz;judex1916;77.32344629056618;26.28618499666415;22.933853997136097;16.56250789434458;15.469660016097171;18.747793095758013
a_de_la_hoz;juniper_girl;55.80680067996318;18.50420796614923;13.721765402973165;23.89787233430714;21.452171987015063;22.423982309555416
a_de_la_hoz;kaarlenberg;59.95784099951045;16.129581624401037;21.93567586292244;18.356066528279268;19.96698123672289;23.611694747674356
a_de_la_hoz;kndel_01;59.25329037402953;21.300771336594313;19.355309829781874;19.478806741875268;20.204398416941874;19.660713674806672
a_de_la_hoz;lacaneli;73.5298681208495;22.489673301373525;24.363158117542557;17.473470620496506;16.28150732249414;19.392190638093275
a_de_la_hoz;lobo_lopez;64.61358728324277;21.56314729371782;21.884583740330164;19.77456734234439;18.528255999525996;18.24944562408164
a_de_la_hoz;lubilder;79.62280922166234;27.37985992294176;24.28305701708666;15.730115902297433;15.035604720989086;17.57136243668506
a_de_la_hoz;lunes14;81.72694040294115;29.883957141314863;23.97835823820509;14.934371831100135;14.648499996808347;16.55481279257157
a_de_la_hoz;m0liner;67.31947060895725;22.400835269026643;21.061817199458822;18.257509145391325;17.78351902357872;20.49631936254448
a_de_la_hoz;mabusecaligari;80.81733136867611;26.772350530471616;24.256168797527256;16.20615124207776;14.81337067132672;17.951958758596646
a_de_la_hoz;malala;59.42036176150844;19.309891145698487;15.973923915015995;21.10673183643849;20.147589996787122;23.4618631060599
a_de_la_hoz;mann_ohne_namen;66.00915590052453;23.590465091210454;20.826073912294675;18.783930933971163;18.13653075697225;18.662999305551455
a_de_la_hoz;manuelsanbai;83.08806487293388;28.408017370463686;25.30646727710217;15.761135790713295;14.408532537885865;16.11584702383499
a_de_la_hoz;marioiglesias;58.90853803373484;16.138635982771717;19.579011988566357;21.60525705831612;20.322641270541435;22.35445369980438
a_de_la_hoz;martasalvador;62.0149288741561;19.823580126185377;21.24349739856692;17.62752674090952;19.304659506439382;22.000736227898813
a_de_la_hoz;martincuesta;73.29492504828336;26.38913648625426;22.382585102701164;17.70513792059996;16.333696847946754;17.189443642497874
a_de_la_hoz;maties_tp;82.3496566883791;28.86179159195781;24.064662047639178;16.002477979449374;14.537730142117045;16.53333823883659
a_de_la_hoz;metaltft;55.10299701995861;16.658269488131946;17.93255793459785;22.237627188162612;21.72617009920559;21.445375289902014
a_de_la_hoz;mmgarnica;68.91706446699196;24.7356681620537;23.106099728588656;18.0554636336449;17.371272202184862;16.73149627352788
a_de_la_hoz;mrtoldo;45.08984112146318;10.542324257061594;9.957861895157002;28.97871233701197;26.550927136928234;23.970174373841203
a_de_la_hoz;mundorath;78.56212177848381;26.07666911787987;24.16570671416093;16.66105779703833;15.238604293392646;17.857962077528228
a_de_la_hoz;nichedeath;75.83518553654375;30.692669848158904;20.54368091823282;16.973976553623096;15.786565006223123;16.003107673762056
a_de_la_hoz;ninotchka;65.16949448034121;22.13377022068877;21.50694625121914;19.247775511512316;18.37020673212028;18.741301284459496
a_de_la_hoz;niskanen;43.65173088228219;10.889642087360967;17.200466634996673;28.91288398015244;27.42564984330465;15.571357454185272
a_de_la_hoz;notwormwood;58.37162621141028;16.287081811982638;20.525448855426973;21.084527017955434;20.509572268822957;21.59337004581201
a_de_la_hoz;olivermayorga;42.4408775922064;13.517636563475007;6.436326579710599;27.90779126917143;28.20811336030154;23.93013222734142
a_de_la_hoz;padimo02;68.00611986924895;28.682436572178183;20.857195653001096;16.230950764816626;17.60396106311279;16.625455946891297
a_de_la_hoz;paloma55;83.17672798235766;29.95427640869705;24.07133729523573;15.428994817845174;14.393173610839424;16.152217867382628
a_de_la_hoz;paula_arantzazu;52.259616612040375;21.328473342731005;17.566638014224615;23.603339310213965;22.908263853505108;14.59328547932531
a_de_la_hoz;popovich89;64.90566402912374;16.667805165421452;25.227909425039954;19.8496240520353;18.444878488485312;19.80978286901799
a_de_la_hoz;quber;82.37073125241413;26.86444817420366;25.580254539887402;15.448163129717255;14.534010661663908;17.573123494527778
a_de_la_hoz;rachelmygod;70.89947717262426;26.124770740345358;22.240036903364206;18.209824985283095;16.885555916255672;16.53981145475165
a_de_la_hoz;rafanasal_lefou;64.9699123874045;24.976983708680585;18.958570684214315;19.107658636508862;18.426638458323247;18.530148512272987
a_de_la_hoz;rafaqc97;74.8069421280373;30.45719997731084;20.868391352051844;17.059793516520745;16.003555982579627;15.611059171536931
a_de_la_hoz;rodasons;85.16105252340525;29.83374373536004;24.580493293214687;14.838571743729588;14.057800493983011;16.689390733712678
a_de_la_hoz;ruben0;49.809406468544026;23.693990327702;13.4051379291957;21.80555481963188;24.035160647571434;17.060156275898976
a_de_la_hoz;saba1e7e;78.86560493153804;26.81137879704054;23.486045209899896;16.353687240996003;15.17996453930569;18.168924212757883
a_de_la_hoz;solina1871;46.28956477651456;12.039623241140918;17.042041433819964;24.041778117334907;25.86278553301582;21.01377167468839
a_de_la_hoz;toshiro15;82.88619678605295;30.05927159603716;23.38573766799246;15.471453344662219;14.443624302389097;16.639913088919062
a_de_la_hoz;uryenbg;62.53561238584719;23.85234390102744;20.018106400220592;20.381085474998365;19.143925206089126;16.604539017664486
a_de_la_hoz;utges;61.33287055198607;18.440507813397538;19.700090642344858;20.93645310753034;19.519338903547744;21.403609533179527
a_de_la_hoz;vareludo;65.28226434904265;24.606392263680874;21.456090811286046;19.299049899926572;18.338473675342048;16.29999334976446
a_de_la_hoz;will_llermo;56.108512792459464;18.9889817128101;17.233884818817614;22.166722545852835;21.336817296510674;20.273593626008793
a_de_la_hoz;xosemfdez;34.9789361330588;14.234702392510856;7.855631430791909;8.74515562804619;34.22565745503564;34.938853093615414
a_de_la_hoz;yeraim;67.24710335795739;22.91244042065517;24.142510360102982;18.07671930114455;17.80265656736242;17.065673350734883
aaleeeex;1999_sohu;46.11980843162258;3.453253398660027;20.150415203420877;25.319389035704077;25.957980463136117;25.118961899078908
aaleeeex;_carlos_;52.178999141363725;13.12467789112746;13.570103849660198;23.649208414331724;22.943657523752776;26.712352321127852
aaleeeex;a_de_la_hoz;60.13811034940665;19.624554018031326;21.85405962673547;19.14964090483271;19.90712842947602;19.464617020924457
aaleeeex;abu222;62.979867033941744;15.172790230841699;25.13223914132785;18.99347949799854;19.008885579044566;21.692605550787338
aaleeeex;aixa72;61.11462550905913;21.10842387517177;17.3750273012166;20.34253360780272;19.589043968766195;21.584971247042716
aaleeeex;alberto87fr;64.19400816942387;19.599660140468956;20.25388008721797;19.104341552159806;18.64935872320035;22.392759496952927
aaleeeex;albertomilano;64.92373244634643;19.62467396262737;25.344577822403764;16.92075919687069;18.439745238322484;19.670243779775692
aaleeeex;alvmb;51.199475434013635;11.19832150433488;13.876958487034784;23.507966036561367;23.382604530286105;28.034149441782848
aaleeeex;anaorgana;54.817469637574035;13.94563182270359;17.978777646764723;21.77231973760729;21.8393350540764;24.463935738848
aaleeeex;andreumarves;57.920543013130256;10.998749454123448;25.87763530017948;19.677388796509003;20.66930011274663;22.77692633644144
aaleeeex;angelopoulos;61.15086901606527;20.054139636357583;16.829664868846766;19.937220211666588;19.577433738793193;23.601541544335866
