usuario_base;vecinos;similaridad;imp_pelis;imp_dir;imp_gen;imp_fecha;imp_pais
aitanaaguila;aixa72;29.452237953254215;7.772415423695333;23.479900893804764;20.164168083508883;22.813857803576003;25.76965779541502
aitanaaguila;alberto87fr;26.694958970073838;0.0;17.038700080266;22.373252232132568;30.85311486569681;29.73493282190461
aitanaaguila;ale_piq;47.65257065950004;23.418689666479402;24.867124452002987;16.380823555735244;19.680488221645764;15.65287410413661
aitanaaguila;andrestm;24.05491599722223;0.0;3.987849844865817;23.607739420653783;39.069202222864185;33.335208511616216
aitanaaguila;batty;30.22088719126321;0.0;23.649637080579666;17.60668147965259;30.896218918082145;27.847462521685593
aitanaaguila;bennu;30.101468798912574;0.0;21.39273847506588;23.47864825291309;31.467274183167834;23.661339088853186
aitanaaguila;billwayne;37.115942466764174;21.58648135025018;19.972876930508885;20.788797500046588;19.844173731461826;17.807670487732526
aitanaaguila;blanchot;32.27082320842796;10.640340364966297;13.727343002664876;23.950274270592722;27.61451100652373;24.067531355252378
aitanaaguila;borinot;30.62514869664759;0.9343425186180261;23.539158137293892;24.544913187919455;28.62872121509259;22.352864941076046
aitanaaguila;bracero;28.09342556112247;0.0;18.719074577970083;23.245518148365445;28.865281454316285;29.17012581934819
aitanaaguila;carlos_;23.07845563619177;12.398740633842083;15.673799403705182;25.59198109771529;14.463029449789955;31.872449414947486
aitanaaguila;danielquinn;33.01270681121644;3.4670745092074924;24.582323074974546;18.91862893280158;29.14292768888439;23.88904579413198
aitanaaguila;didacus;27.20679432896543;4.206945988607451;13.111922973376638;25.41775618717834;26.343513385877984;30.919861464959595
aitanaaguila;doark13;28.929839296559823;0.0;13.834762773365494;23.060152983379673;33.406004652347264;29.699079590907573
aitanaaguila;drdrakeramoray;26.86243683899048;12.782628205082512;11.88129243979709;23.9739286488674;27.042789197825133;24.319361508427868
aitanaaguila;eloyg8;31.764806781581452;9.00820167521657;21.256644229379994;23.458039245959586;21.88146306570912;24.39565178373472
aitanaaguila;explodingboy;27.493137150759058;8.32626074190657;14.711504198619004;21.01600684211921;26.983918870983903;28.962309346371296
aitanaaguila;ezequiel2517;31.96414886184617;8.952022683273341;22.144010705738783;18.674063138634573;24.642628228059277;25.58727524429402
aitanaaguila;faildeguionista;23.684150522627405;4.83266284580308;4.086495778326395;23.337482182735688;39.27174734621335;28.471611846921483
aitanaaguila;faure;33.46575556198112;7.695311304701649;23.43432523884868;19.441879715784232;25.039875647146644;24.38860809351878
aitanaaguila;filmandera;42.706281186909415;21.4408768141944;18.740985457400072;17.958979845244173;22.14668429837994;19.712473584781414
aitanaaguila;filmcanet;32.78862819397466;13.963074464474504;26.25548051213549;24.205993774928682;15.326536162744631;20.248915085716675
aitanaaguila;francorizzo;25.58399907715915;5.592241166046549;10.470022695820546;26.712364293173525;28.613497081937783;28.61187476302159
aitanaaguila;fshtravis;30.428614355293956;9.403773117029548;19.035538631823933;23.1779688077428;21.439476892753888;26.943242550649835
aitanaaguila;genzai_2;32.10543228933445;5.347577003493532;19.88211706488488;22.35938665306498;27.75305673957801;24.6578625389786
aitanaaguila;glorfindel7567;24.494099454092023;0.0;10.143586101747946;27.918290495402925;30.534811101908687;31.40331230094043
aitanaaguila;gorkalonso1;35.46900168533424;12.907892393535853;17.157585944569806;24.234167916144354;26.24509114765757;19.455262598092418
aitanaaguila;guillehormigo;23.5225390129833;0.0;14.451011527112946;24.158275412124368;25.79392065569825;35.59679240506444
aitanaaguila;heymyman;30.532732759258323;1.8743411401719774;19.41386045935068;24.28234521945414;27.37080973911013;27.058643441913066
aitanaaguila;hill_valley;24.765512570265617;2.3108246586935364;3.5273036778775726;23.24149103746607;36.23095917859343;34.6894214473694
aitanaaguila;hobbsend;26.873131579656548;0.0;15.259887049687789;24.61222789480716;28.438721420162523;31.689163635342535
aitanaaguila;jaimecoco;44.40544778958975;17.39850085400127;31.052577238735598;15.606123076615923;17.753294404275426;18.189504426371784
aitanaaguila;jarsito;31.318520364135555;7.30925426452651;23.215599653524468;21.58230435218662;25.86556230596492;22.02727942379748
aitanaaguila;jasikedevicius;31.746534005382266;14.421418633694511;11.150297180153121;22.16097380247307;26.69538268431839;25.57192769936093
aitanaaguila;javchas;33.56162960932994;10.231104591532457;14.87113926396583;21.922033303870972;27.22852344204378;25.74719939858696
aitanaaguila;jjm_24;32.53547985298318;3.517929189374302;26.261962369501973;18.46998415760338;26.99265968438604;24.75746459913433
aitanaaguila;jorgemz;39.916178246031244;9.319201830114839;28.43239948889582;20.363103616236558;21.375112204127227;20.51018286062555
aitanaaguila;juangl001;30.629771980594338;14.947223810562386;13.715193864152251;23.352349050315315;27.735097961068195;20.25013531390185
aitanaaguila;juanky97;30.09792969209721;2.8521275907349724;26.884764174346785;26.135864613254288;18.435260699509005;25.691982922154946
aitanaaguila;kndel_01;24.945233876415564;3.4412640155678025;10.319831029657786;26.20026977166464;30.223027103878316;29.81560807923145
aitanaaguila;korin;35.58414728513361;13.670256918870749;21.195525703199596;17.356858182640494;22.8043535115993;24.97300568368986
aitanaaguila;lbaena;29.623164569003336;0.0;22.067221286063237;19.627532398402508;32.02664176352634;26.278604552007913
aitanaaguila;lobo_lopez;28.423674832454587;6.040255963019588;13.337161062319177;22.873372186787734;30.317094777109826;27.432116010763686
aitanaaguila;m0liner;30.654335208455436;5.600717491674949;22.55993088978651;22.573686003631813;22.75122276666719;26.51444284823953
aitanaaguila;mabusecaligari;29.62808186148648;14.48678589794556;19.533577545572314;20.35898005230373;21.317822986317022;24.302833517861373
aitanaaguila;maesepenin;35.60846565571249;3.2143343487968346;29.877902810696156;20.64888396732448;23.20694884071842;23.051930032464103
aitanaaguila;malatesta19;30.15612177274523;1.8977492385734178;19.61974373358746;25.682822497882693;28.744838915803857;24.054845614152576
aitanaaguila;marcos_m_rom;36.3811253506709;7.865171374021171;27.976798781334182;19.162681128794638;22.016006800045087;22.979341915804927
aitanaaguila;marctorres;30.771928472040617;5.579314652107612;18.94436246596218;18.837269456173296;31.107840880503602;25.531212545253315
aitanaaguila;martialcantarel;37.47858837813746;9.16183233292821;23.89230354239807;19.178077284349335;25.924784959533604;21.84300188079077
aitanaaguila;martinsalernx;38.44333307156031;15.630849405624481;26.643369653151645;16.020441527090814;21.589401886401014;20.115937527732044
aitanaaguila;migblah;26.744748986263446;0.0;17.161202691744872;21.212554371436855;32.5988005381319;29.02744239868637
aitanaaguila;migorro;33.1567032712754;7.767038990260546;25.72173363214422;20.976627798725925;19.61990754257867;25.914692036290635
aitanaaguila;ninotchka;24.585481574023465;0.0;6.790632163568113;22.206479140070606;37.96829721737032;33.034591478990976
aitanaaguila;padimo02;30.20487022066447;0.0;21.930799082007372;23.171000454558953;31.824606332497538;23.073594130936137
aitanaaguila;paloma55;31.131289338484372;0.0;27.762763789246026;17.853444274033528;27.63524337549283;26.748548561227615
aitanaaguila;parhelic;20.943476245052686;5.4650676385276045;1.5290166978835011;26.671762660683644;34.24697230235691;32.08718070054834
aitanaaguila;pauixitador;26.1008419810873;2.192601954144719;12.978207103850199;22.16086309038164;31.033779600738818;31.634548250884635
aitanaaguila;paula_arantzazu;24.621744719529865;0.0;14.807459285728015;24.710917993057862;27.620565958032206;32.86105676318193
aitanaaguila;pele_alvaro;25.725011577821242;0.0;16.60192085161784;23.33830198389226;35.59739122231766;24.462385942172222
aitanaaguila;pkmorla;23.19546489908474;0.0;2.1620654113194995;27.947210746735315;36.746387806095875;33.14433603584929
aitanaaguila;rachelmygod;34.94860121998792;9.006316511718712;21.956976889470052;21.166848664572612;24.871251749736405;22.99860618450223
aitanaaguila;rafanasal_lefou;33.468610224650796;3.4198466412808237;28.184928584322392;21.202230265506742;23.17200754507494;24.020986963815094
aitanaaguila;rafaqc97;40.870103151178405;23.804414382188213;17.09372132621034;18.401722402880736;21.091098244209526;19.609043644511186
aitanaaguila;rdosdedos;37.38254684880416;22.197978692524156;19.992042555902966;18.108367906496994;20.081142760679406;19.620468084396492
aitanaaguila;ruben0;33.39327884480077;8.568903550701322;21.935491912813003;18.12877879046161;28.137804784157304;23.22902096186676
aitanaaguila;taesuk;47.96667039083325;20.87914882687163;23.700078082277706;17.148772745659524;20.07259203121872;18.199408313972402
aitanaaguila;uryenbg;24.854383423113518;5.756404831927377;6.5692994111922625;27.482853798253412;29.115805898083735;31.075636060543207
aitanaaguila;utges;27.830379838518905;0.0;19.628470141884968;20.009116508398147;31.114121409035143;29.248291940681742
aitanaaguila;vareludo;27.847797559411184;4.110110109100103;19.756786654431053;25.0083526409483;23.679051939580003;27.445698655940532
aitanaaguila;vela44;35.79917831445124;3.197210652706668;27.75656687602327;18.595874793485287;27.289319086618075;23.16102859116672
aitanaaguila;will_llermo;27.74425301207388;3.094087112796808;12.16727786648727;22.690762718878457;32.534160113962315;29.513712187875164
aitanaaguila;yeraim;38.33956023125465;7.46340813344819;28.739050089752183;17.697150237742363;24.300773177180776;21.799618361876487
aixa72;aitanaaguila;29.452237953254215;7.772415423695333;23.479900893804764;20.164168083508883;22.813857803576003;25.76965779541502
aixa72;alberto87fr;54.759650863133615;29.78506167532693;20.49321792956849;16.213698906544458;16.641948374090063;16.86607311447006
aixa72;ale_piq;48.27111046567086;35.56708551790254;17.981777436505908;16.18157958518735;15.639293247650594;14.630264212753616
aixa72;andrestm;29.65841456732928;11.577575801154758;8.01017068675253;30.544766390865675;19.877772844098118;29.98971427712891
aixa72;batty;39.30217915564515;18.201521633799313;18.234184739710336;22.851834720505494;17.573216153446353;23.13924275253851
aixa72;bennu;46.621618888991904;32.529159221684154;20.61074266328605;18.418598435086533;15.750824338927954;12.690675341015307
aixa72;billwayne;28.824264710437266;24.81796053926399;19.698785975515342;21.42061662625967;16.85792316468624;17.204713694274773
aixa72;blanchot;43.59512370574796;36.10015725079242;18.0431933140604;15.940806407415453;16.557520665389017;13.358322362342701
aixa72;borinot;68.29374270178323;43.993924342070976;20.166521712092518;11.52389825206454;12.960984729093152;11.354670964678819
aixa72;bracero;76.79983249708032;40.61164148818677;25.38236858458059;11.314413039972457;11.335458659934572;11.356118227325627
aixa72;carlos_;44.89175307349457;28.045967704913938;19.494939456283348;19.077999953628684;16.41824530970211;16.96284757547191
aixa72;danielquinn;66.004720926382;31.213453035728083;27.433856922036433;13.48411759605263;13.888271732061753;13.980300714121102
aixa72;didacus;36.084359110681504;21.410612252242792;20.542174417359416;18.069277402967426;15.703568409662925;24.27436751776744
aixa72;doark13;39.88666956509737;18.652192595548755;22.257501265245416;21.24924873995164;17.36636818589245;20.474689213361735
aixa72;drdrakeramoray;16.87439261417908;0.0;1.972261010481512;35.48702334694635;24.932076762764105;37.60863887980804
aixa72;eloyg8;45.33213495277247;34.08567551889525;19.366052825356093;16.940182185173136;13.296352611672392;16.31173685890312
aixa72;explodingboy;65.08509704294966;36.05094175224722;21.546409893735678;13.7355737076125;14.962854499107255;13.704220147297345
aixa72;ezequiel2517;30.342397799476345;0.0;26.134903447531233;28.89652605145323;15.695881611337002;29.272688889678538
aixa72;faildeguionista;27.641547420230278;6.211167153109887;7.515288695058767;31.882400133686083;24.402956181095675;29.988187837049583
aixa72;faure;81.9590039681324;42.244776521024946;23.80058433126604;10.95740106351909;11.800622115437497;11.196615968752416
aixa72;filmandera;54.182929141006476;35.383162083233294;21.15242835550302;10.95484568589334;16.17424399976222;16.33531987560814
aixa72;filmcanet;53.3226243881973;42.93018791867404;24.691448588916494;11.826149616616831;6.81250513594152;13.739708739851118
aixa72;francorizzo;29.205756920268556;0.0;18.75741205778273;29.615401286374066;28.19961960926435;23.42756704657885
aixa72;fshtravis;53.87782718716752;25.49267932446324;28.263117714646107;15.95655568558325;13.467011923163268;16.820635352144144
aixa72;genzai_2;50.9541936254296;30.324813967967973;20.291862801266824;16.48512521221149;15.788201060031001;17.109996958522714
aixa72;glorfindel7567;34.22036487648879;0.0;27.03360178812985;23.0953397654289;23.225814375202166;26.645244071239073
aixa72;gorkalonso1;36.53303123256874;30.546623875271216;19.581918301363867;19.183404380112638;16.9726709735325;13.715382469719776
aixa72;guillehormigo;41.09713048212114;10.443933030333701;28.152579158254767;21.509545649463256;18.825191382494523;21.068750779453755
aixa72;heymyman;30.47113930944632;9.390649386518529;13.214147072410233;26.050247763922236;20.928267632692386;30.416688144456614
aixa72;hill_valley;34.58733073579979;8.27308091071041;11.050318613189328;26.12003084258444;28.954529448710552;25.602040184805258
aixa72;hobbsend;28.58674891426562;0.0;14.210582548733091;30.761875680568796;28.408544257360614;26.618997513337483
aixa72;jaimecoco;52.817456227462905;34.67263210017172;26.011573228704727;14.750116381398495;9.689023445534048;14.876654844191018
aixa72;jarsito;38.16378345441354;26.2422422298878;17.300083887699458;22.814981088329198;16.811241646915622;16.831451147167932
aixa72;jasikedevicius;41.819773606359995;26.00077168646296;12.824267256135462;20.344873755809914;21.235704613986467;19.594382687605208
aixa72;javchas;35.081334263938906;28.54803760554734;17.616849426183094;15.625058204494199;15.888928935194357;22.321125828581003
aixa72;jjm_24;75.5900172426887;37.85470570063262;25.172323522322998;11.914572942155964;12.745344799512047;12.313053035376376
aixa72;jorgemz;71.1024552735462;44.26825529696669;22.904047573182716;11.07291855371089;8.864915507920506;12.889863068219176
aixa72;juangl001;40.6623198889754;23.222346763918086;21.905117552606207;19.361899805741825;15.255228103328816;20.255407774405086
aixa72;juanky97;44.211991139793554;32.360427373426454;22.809341359304256;14.027401483480308;13.587960733853437;17.214869049935537
aixa72;kndel_01;20.78888546873063;0.0;7.215843239509754;42.73249724526625;18.65410401567468;31.397555499549316
aixa72;korin;34.96269289007941;19.64222514981153;27.60281557643358;16.797678703921516;12.042334564460267;23.914946005373118
aixa72;lbaena;42.02352917712928;16.34191842136871;23.01178934643691;21.622618184256382;18.854003083505443;20.169670964432562
aixa72;lobo_lopez;46.351074382976705;33.95370748349371;17.030680938029302;19.278240045171938;11.848691397602579;17.888680135702465
aixa72;m0liner;58.51051969909476;34.23327138334063;20.285727154010406;14.48928496867495;15.406933378572274;15.584783115401736
aixa72;mabusecaligari;61.913126936660746;42.51962319381268;19.563319592677043;14.349536333265748;10.07392781094665;13.493593069297876
aixa72;maesepenin;63.53686295383901;40.0819236896996;21.981169770477003;13.558248134191448;10.378001041246472;14.000657364385482
aixa72;malatesta19;40.89154242603189;26.59098485916546;17.70568571563894;15.011930434147976;23.0935669979918;17.597831993055813
aixa72;marcos_m_rom;61.91002982568571;37.89982090206088;25.53755736793988;13.59393258390873;8.616714823403719;14.35197432268679
aixa72;marctorres;49.62586682142425;26.52369617613418;20.66835027265454;17.978445477395425;16.136292997309308;18.693215076506544
aixa72;martialcantarel;51.57746780705657;30.51314630319892;22.068755437870763;16.29909798755039;15.749117197696163;15.369883073683765
aixa72;martinsalernx;43.175917490582215;23.8586158269984;20.969607310235883;20.515739036398095;13.485557192779686;21.17048063358793
aixa72;migblah;49.62156769487549;19.60616958407582;23.822984346376384;18.062361168933524;19.99701562482593;18.511469275788343
aixa72;migorro;67.13045881765649;38.36252747743185;26.111282994974328;12.916333787741033;9.112213858973798;13.497641880878994
aixa72;ninotchka;51.10448731178442;31.355469627067773;16.315901313258856;17.576016745835247;17.326504496468658;17.42610781736947
aixa72;padimo02;22.49922235862428;0.0;7.675158926479082;38.54190033990561;23.41264197475993;30.370298758855377
aixa72;paloma55;58.82848416582059;33.56183911704893;21.19251190533026;15.252445986754882;14.28130196436606;15.711901026499845
aixa72;parhelic;45.69038049579044;25.676947937114605;20.134519558955176;19.026023770050635;18.81169829501104;16.350810438868535
aixa72;pauixitador;42.020219023139795;23.15287482717961;17.609693673925843;20.94957739829469;18.67466170809584;19.613192392504015
aixa72;paula_arantzazu;42.476269564073306;19.536013565652315;14.171271024919795;21.183106652865025;24.33264396045371;20.776964796109166
aixa72;pele_alvaro;36.86818432051777;6.985139405229021;18.735406747820853;23.923740410269474;27.524869281461946;22.83084415521873
aixa72;pkmorla;34.32965081657005;10.002214838421544;16.159693820855942;25.05133414786996;23.105275470744125;25.68148172210844
aixa72;rachelmygod;70.48497013558881;40.59642575038771;20.66144335374298;12.04261648029852;13.823533089538296;12.875981326032488
aixa72;rafanasal_lefou;41.57299653693507;30.284866663330998;18.481599294202752;21.263104681001757;11.09139560826433;18.87903375320017
aixa72;rafaqc97;57.876863852825615;39.057677908813325;22.408750981374798;12.0041083129749;10.59157654404028;15.937886252796691
aixa72;rdosdedos;38.548552986857565;14.845889844961405;19.973692705117035;22.838239051942107;22.335285910488867;20.00689248749057
aixa72;ruben0;54.3825912253568;31.570079234770255;18.531949149582573;16.686026092916183;17.0160710219667;16.195874500764294
aixa72;taesuk;38.44448737989382;25.30632966021133;24.960848973637702;16.40690210408537;13.549792889438033;19.77612637262757
aixa72;uryenbg;48.08476752090459;23.20819714059458;20.686961037115495;16.784851129152585;20.454304184134667;18.865686509002682
aixa72;utges;56.74090484712297;34.79662734305588;16.12637069097831;16.035974196095786;16.98224492046833;16.05878284940169
aixa72;vareludo;61.78037805131133;33.81089111502941;26.74147811721642;13.202060182965106;11.619220573538485;14.626350011250576
aixa72;vela44;58.440323420575545;34.27439107796235;21.64198413827964;15.375143272331634;13.079977119710113;15.628504391716268
aixa72;will_llermo;42.76577139250546;18.065574316400134;19.44842027798565;20.498158493266512;20.940104368886708;21.047742543460995
aixa72;yeraim;60.0247741611495;34.323082186712035;21.993146567800224;14.264860679872454;15.334354051228306;14.084556514386977
alberto87fr;aitanaaguila;26.694958970073838;0.0;17.038700080266;22.373252232132568;30.85311486569681;29.73493282190461
alberto87fr;aixa72;54.759650863133615;29.78506167532693;20.49321792956849;16.213698906544458;16.641948374090063;16.86607311447006
alberto87fr;ale_piq;35.605998858989906;19.28734223439045;14.244958346164308;23.15210698305912;23.554625695118794;19.760966741267325
alberto87fr;andrestm;29.88102137535803;15.321767328810077;5.420077579750315;29.52205689055946;18.65328108788682;31.082817112993336
alberto87fr;batty;61.729658977373354;25.031345842123436;30.930691237572493;14.569949484307752;15.037475920240775;14.430537515755546
alberto87fr;bennu;42.18796539153037;27.80863002824253;20.306545653341235;21.10102558227801;17.848528096850732;12.935270639287493
alberto87fr;billwayne;16.808198707465536;0.0;0.0;39.55199918294291;30.765230159598943;29.68277065745815
alberto87fr;blanchot;25.783975449545906;0.0;16.829615739054024;28.348982865710735;33.91074015757785;20.91066123765738
alberto87fr;borinot;37.16587503537878;22.327389779794633;12.572843280812489;22.111486971808493;24.134419183658583;18.8538607839258
alberto87fr;bracero;59.609969553768764;29.761657058203046;23.422939556095702;14.739736783252894;17.76373058603509;14.311936016413284
alberto87fr;carlos_;29.408148217190796;0.0;26.657509611046454;27.890782422677116;18.71026150362343;26.74144646265302
alberto87fr;danielquinn;53.65517528964756;19.19884937147408;28.263006904558427;16.168616948546244;19.198384496571645;17.171142278849594
alberto87fr;didacus;38.640119117251544;11.848567435084076;33.07493513730448;15.406376935301127;16.608016882444;23.062103609866305
alberto87fr;doark13;46.94541979996905;23.16192698141029;24.40729109397998;18.274388842498396;16.665604449563794;17.490788632547545
alberto87fr;drdrakeramoray;18.16218546107572;0.0;8.783512254891953;31.064021248825448;23.50303474208345;36.64943175419914
alberto87fr;eloyg8;34.16409308170575;16.751141906705403;27.528545963320376;21.416249095055353;13.192966386566823;21.11109664835205
alberto87fr;explodingboy;35.87533440216054;0.0;25.577741681223603;23.589129290404117;26.117408803827043;24.715720224545244
alberto87fr;ezequiel2517;37.45128902687681;0.0;31.339034941919696;23.71813212379209;20.874085461923872;24.068747472364343
alberto87fr;faildeguionista;42.46275636193028;18.868360617637073;22.12721873108715;20.802306487709107;18.836543617937068;19.365570545629602
alberto87fr;faure;76.94130206323574;35.70228562164125;27.216170759490147;11.637144007315033;13.151229945972554;12.293169665581008
alberto87fr;filmandera;34.33846421425995;16.666079407473553;14.610716176148266;15.935873287915241;27.38985426787211;25.397476860590835
alberto87fr;filmcanet;31.992599116971196;31.304216520765088;13.748845655305109;19.186342844451296;15.14312737047172;20.617467609006777
alberto87fr;francorizzo;27.41071338999415;0.0;15.567475495972616;31.789329007217102;28.276821171597643;24.36637432521265
alberto87fr;fshtravis;43.588305110825885;19.69407516088787;23.298399035339145;19.489827724947638;15.923095444114775;21.594602634710583
alberto87fr;genzai_2;60.00914001176716;30.517354987634256;27.302527125043735;14.242971358192362;13.404106035936326;14.533040493193313
alberto87fr;glorfindel7567;45.740189478436776;15.014041118356223;27.74996653696308;16.495820275312788;20.040535633750242;20.69963643561766
alberto87fr;gorkalonso1;20.30425120414493;0.0;10.120604760891093;34.98951564708676;28.419316278078828;26.470563313943323
alberto87fr;guillehormigo;60.13481942393529;33.308597561734054;22.574414785104167;14.754863840203445;14.211618111073427;15.150505701884907
alberto87fr;heymyman;34.101052336205214;0.0;23.89708419287138;23.975846808204505;25.107128716104956;27.01994028281916
alberto87fr;hill_valley;44.39418103616332;14.824706564319017;21.178861561839607;20.219199682395026;23.4388461480037;20.338386043442643
alberto87fr;hobbsend;33.134746064613545;0.0;20.372712934464523;27.153943149437538;29.21661425448889;23.25672966160905
alberto87fr;jaimecoco;47.76106300063351;29.95575974292879;23.87876289199599;15.918814439614053;13.437934958743712;16.808727966717452
alberto87fr;jarsito;24.838638642118315;0.0;17.650362120400896;35.53265442805186;21.054507703311636;25.762475748235605
alberto87fr;jasikedevicius;37.62274077400224;19.014017837085742;14.249891274229723;22.102918773128433;22.323283323133325;22.30988879242276
alberto87fr;javchas;29.933573829874522;14.33893864239458;24.631738292231525;17.34373351157905;16.64089423590027;27.04469531789456
alberto87fr;jjm_24;63.99993669723121;30.402807298261486;26.237117844332776;13.670550892168492;14.978478126549845;14.711045838687397
alberto87fr;jorgemz;45.04981316365598;27.947566671196025;18.295518768593837;17.471022974780638;15.627362954920333;20.658528630509174
alberto87fr;juangl001;45.03739930017062;23.507840670281507;21.96458400324351;17.577699219149306;20.165327802383906;16.784548304941776
alberto87fr;juanky97;30.424488784237646;19.750601370930465;20.27889123484863;22.261549132598937;13.902113724636656;23.806844536985306
alberto87fr;kndel_01;24.272136331728664;0.0;17.774824559760276;35.652747612810856;18.934303067766702;27.63812475966217
alberto87fr;korin;23.133186012335056;0.0;13.76143152438976;23.62383883658182;24.986335969087605;37.62839366994082
alberto87fr;lbaena;36.957901990607255;0.0;30.460025505566207;24.564799630641257;22.151766015081957;22.823408848710567
alberto87fr;lobo_lopez;52.46267987653582;31.63456309799302;24.835235014341638;16.86046506877998;11.136797351333911;15.53293946755144
alberto87fr;m0liner;41.78996058456632;19.172131024973012;20.223527458559474;19.944136509061725;19.02837271434612;21.631832293059674
alberto87fr;mabusecaligari;43.13031769025258;29.191360609911303;22.016673944685856;19.28177586130213;11.795684372558517;17.71450521154221
alberto87fr;maesepenin;53.860076189111936;26.56362615029293;27.927994700187835;16.362588370169455;12.826972073693945;16.318818705655833
alberto87fr;malatesta19;26.07149740942935;0.0;16.480792826065215;24.48363727349475;33.42663299234743;25.608936908092616
alberto87fr;marcos_m_rom;48.66889809547046;24.69346845342889;27.7350375676518;16.260633547181552;12.475132490646788;18.83572794109097
alberto87fr;marctorres;52.76442333016613;17.896044969135392;30.485345982467727;17.205825830486347;17.46700881221317;16.945774405697367
alberto87fr;martialcantarel;53.28147470588112;20.94462982199769;30.32019617698147;15.60433509510974;18.054345858469958;15.076493047441147
alberto87fr;martinsalernx;43.30343502417113;21.14520738619855;22.808632164087584;20.990678172959512;13.6115616595585;21.44392061719585
alberto87fr;migblah;68.81226029338818;26.61328403446889;32.247540074994646;13.136942922894475;14.069136220571481;13.933096747070499
alberto87fr;migorro;55.764441202224724;27.19586229714056;27.329202366655412;15.197817481760822;13.695257855012319;16.581859999430893
alberto87fr;ninotchka;82.30220439277555;41.37326666411736;24.50875560376445;11.034775727308674;12.01437837506385;11.068823629745673
alberto87fr;padimo02;28.83425398109733;0.0;22.582951010703407;29.117939171957673;25.81278236635822;22.48632745098069
alberto87fr;paloma55;67.38116289846265;32.699155889065544;25.075446953839144;13.15104734287292;15.006493729903756;14.06785608431863
alberto87fr;parhelic;33.21146037417889;0.0;26.555338857684163;25.72011247371024;25.312753219932322;22.411795448673264
alberto87fr;pauixitador;34.94794835975907;0.0;29.896895468056147;25.345576883261433;22.300088471943997;22.457439176738404
alberto87fr;paula_arantzazu;45.08278388744763;15.232978675521952;27.307185460117328;19.092487382171065;17.603325092718606;20.764023389471053
alberto87fr;pele_alvaro;49.96757711959812;25.19699231969337;20.541495439144754;18.058142948604026;20.070791931701628;16.13257736085622
alberto87fr;pkmorla;34.36565368612297;0.8326446756294907;23.09813293587272;26.428496315449046;23.404725213992823;26.236000859055927
alberto87fr;rachelmygod;55.78617526118664;27.698196467934455;24.20168725125843;15.434398146709178;16.700009309059695;15.965708825038242
alberto87fr;rafanasal_lefou;43.60850217211449;20.9972842109306;25.36175216101258;20.20304382685772;15.448159063696131;17.98976073750297
alberto87fr;rafaqc97;53.01441289281936;29.686093559633;27.723412942669146;13.69683077212509;10.939489658891539;17.95417306668123
alberto87fr;rdosdedos;28.72510110021382;0.0;14.825063562864521;29.7107611332976;29.654463328924894;25.809711974912993
alberto87fr;ruben0;34.60648426641957;9.922202444832545;12.20983713333606;25.77736635499618;26.664027559645625;25.426566507189598
alberto87fr;taesuk;29.253257525293765;0.0;29.1088882902445;22.87689296678861;21.811139061974153;26.203079680992737
alberto87fr;uryenbg;45.9228064133385;14.954336183408557;24.761439084433626;18.406133011045565;22.11968375275407;19.758407968358185
alberto87fr;utges;68.60639695554374;34.20058692129199;23.739283937909825;13.068576778536327;15.52512497652265;13.466427385739221
alberto87fr;vareludo;47.79896164180241;22.74832649434797;25.73396659139831;18.106696609342894;14.877714230609994;18.533296074300818
alberto87fr;vela44;47.234066348546484;16.35658923770091;27.257577470866263;19.049196080731914;17.5783089985954;19.75832821210551
alberto87fr;will_llermo;56.07355973937837;27.045938782225555;23.650953857089554;15.934143556576664;17.234783657329125;16.134180146779094
alberto87fr;yeraim;45.765635277996346;25.634726014202748;18.5387478512012;18.793389145197125;18.624093470384498;18.40904351901443
ale_piq;aitanaaguila;47.65257065950004;23.418689666479402;24.867124452002987;16.380823555735244;19.680488221645764;15.65287410413661
ale_piq;aixa72;48.27111046567086;35.56708551790254;17.981777436505908;16.18157958518735;15.639293247650594;14.630264212753616
ale_piq;alberto87fr;35.605998858989906;19.28734223439045;14.244958346164308;23.15210698305912;23.554625695118794;19.760966741267325
ale_piq;andrestm;25.636398833806055;0.0;6.142959224172055;30.451210904103867;32.14009966483952;31.26573020688455
ale_piq;batty;33.253779988187276;8.604849907722352;17.749772117167897;23.028953786939688;25.69132565468632;24.925098533483734
ale_piq;bennu;46.60254100517092;22.104323201425473;20.459464364582306;18.607801072709922;20.410975463728878;18.41743589755342
ale_piq;billwayne;49.586566345145634;28.275895128295115;21.253802679186485;16.550879075644726;18.266679626136813;15.652743490736858
ale_piq;blanchot;49.641834422491996;28.244414535823697;19.072777351332885;17.073751051530373;19.573803819635778;16.035253241677275
ale_piq;borinot;52.599159907576805;31.552480301211315;21.093741091693285;16.998771534795402;17.944859636427882;12.410147435872116
ale_piq;bracero;66.50124353794891;41.73748599670926;17.588909429096542;12.839370847380845;14.457312458466712;13.37692126834663
ale_piq;carlos_;31.678142481210088;17.162407583770044;11.896629213982441;24.155000193577408;20.27447799648188;26.511485012188235
ale_piq;danielquinn;28.92125851295788;0.0;16.436108453321747;27.78927584889393;33.103235615287005;22.671380082497315
ale_piq;didacus;41.43618046105902;17.954691635306066;20.942015782064036;17.658888436134646;22.453714628312103;20.990689518183135
ale_piq;doark13;35.628695677589825;14.45629160421269;17.139103897966027;23.04284676294578;24.699578382434595;20.66217935244091
ale_piq;drdrakeramoray;19.114803825387938;0.0;7.574203337802827;32.78271840324788;29.371285973849552;30.271792285099757
ale_piq;eloyg8;41.29145226455637;27.026435324550892;17.114056567557554;18.899666206879026;21.061227812285505;15.898614088727022
ale_piq;explodingboy;34.88395612069327;14.764919793241464;19.034771031096618;22.042537947607748;21.096242923733108;23.061528304321048
ale_piq;ezequiel2517;34.6021577726216;4.961721535571622;20.988832060601407;23.7913139038127;26.12485012113765;24.133282378876622
ale_piq;faildeguionista;26.902336439555462;6.381834967509632;7.751936196374023;27.79615620401327;33.267582448782484;24.802490183320593
ale_piq;faure;42.01123543571188;26.563388401003426;15.489762897634431;19.878380553741852;21.88028374500978;16.188184402610496
ale_piq;filmandera;62.6745009610273;38.35064919083948;21.016430808990368;11.631216955231556;15.122611930794566;13.879091114144021
ale_piq;filmcanet;55.21029748792233;34.72474250586986;21.388251081026645;14.141123526352798;14.459855386715141;15.286027500035544
ale_piq;francorizzo;25.859158113680294;0.0;6.994266452697993;33.19502075632565;35.857712809279825;23.952999981696536
ale_piq;fshtravis;49.11577180291369;29.129521450968806;19.36058087615765;16.780308373662855;19.66684546909273;15.062743830117952
ale_piq;genzai_2;39.2508648441423;17.496304560869888;18.670784337962292;21.376081571657753;22.84759380550191;19.609235724008162
ale_piq;glorfindel7567;26.295024346493925;5.441025303726825;10.43057002498785;30.4105153281287;29.167525323969443;24.55036401918718
ale_piq;gorkalonso1;51.94769331395359;28.092360098848722;25.771262131626536;16.027348257597605;16.00396245591134;14.105067056015798
ale_piq;guillehormigo;25.392601181265317;0.0;15.637439545062977;31.01856170933038;27.422273938002334;25.921724807604303
ale_piq;heymyman;29.158117780703858;2.9440561405386987;12.157723013608837;28.292296176381377;30.25217780370763;26.35374686576345
ale_piq;hill_valley;26.23010031644451;3.272695668838671;8.54283968807677;29.731850173615328;33.66123087195521;24.79138359751401
ale_piq;hobbsend;28.208721826631223;0.0;15.393519072090212;29.210696567509157;27.202598486825313;28.19318587357532
ale_piq;jaimecoco;62.05347167729528;41.501208576332196;21.350534877901083;12.784000047820337;13.441225792821822;10.923030705124571
ale_piq;jarsito;53.599767393319354;31.49730712489587;24.655505385610283;15.923100221276469;14.160307691124535;13.76377957709286
ale_piq;jasikedevicius;34.115588041316684;12.581218825082091;11.773642738053113;24.825588557472248;24.58234677131694;26.237203108075615
ale_piq;javchas;26.492538707832125;12.961103750083952;8.50527591898065;25.08931088528817;32.96657058702643;20.477738858620782
ale_piq;jjm_24;45.23267384134858;26.569375580115253;18.420888975597844;17.660819276948256;21.135393339453714;16.21352282788493
ale_piq;jorgemz;68.38734070919253;36.40221873595231;24.03926014567468;12.567216220462038;15.026714564559489;11.964590333351502
ale_piq;juangl001;35.34216696386316;16.19276972775045;15.662489503489411;22.890505151137653;27.063630016907755;18.19060560071473
ale_piq;juanky97;43.18903793844885;23.851367790457868;20.83622006054026;19.21296755010992;16.310435734540977;19.78900886435098
ale_piq;kndel_01;29.32889525999158;6.829464532787123;11.125175292776964;27.467216322361896;24.294460843113974;30.283683008960036
ale_piq;korin;34.166822417077924;20.099764537874968;16.42124948338513;17.29832200590907;25.544154090727066;20.63650988210376
ale_piq;lbaena;37.37576077135361;6.124692148224269;24.98045374083599;21.53420778567108;24.544286390682593;22.816359934586075
ale_piq;lobo_lopez;41.045076919647514;23.005791767322602;13.460702783918265;20.3112712078187;22.626942913015323;20.595291327925096
ale_piq;m0liner;43.61092339163816;25.5890193854227;15.892318012854895;19.590467052495576;21.37431864192378;17.553876907303053
ale_piq;mabusecaligari;52.66974066169769;35.85643220657974;17.7215628829097;14.370627936971497;16.088609531303014;15.962767442236052
ale_piq;maesepenin;62.72837436133811;33.75607985163396;22.932850404434582;14.162812987620729;15.500430524796545;13.647826231514191
ale_piq;malatesta19;43.30988895334475;23.78481342899928;14.841485074788558;18.2874435841317;23.70846566831891;19.377792243761558
ale_piq;marcos_m_rom;67.83067828381121;40.91945991333735;21.31813303779038;12.090218030022164;13.908613100973364;11.763575917876757
ale_piq;marctorres;35.51170888794861;12.89236906354026;15.988859169220625;22.703650988574122;26.0448539286017;22.37026685006329
ale_piq;martialcantarel;39.00048683026937;11.005392839379446;19.76392246831522;22.360518588242446;23.59660807547867;23.27355802858423
ale_piq;martinsalernx;52.41368720946591;30.572266234727564;22.58058680100705;15.834913312728036;17.041101350014706;13.971132301522632
ale_piq;migblah;26.094336011049833;0.0;16.14412223513838;30.420773827715035;27.241706635654143;26.19339730149244
ale_piq;migorro;55.06735491472547;34.295255116190184;17.821606842405377;15.079617349790842;17.676651182496315;15.126869509117284
ale_piq;ninotchka;31.863423114021657;16.164578813452618;7.257754787539238;24.35489769110097;27.415287304817635;24.80748140308954
ale_piq;padimo02;39.931134912675866;13.615270238329305;20.69427341250823;20.90992874601905;23.811734732548985;20.968792870594417
ale_piq;paloma55;42.274819784858344;24.367167823029753;18.76918386574467;18.27342271319288;21.726928512275403;16.86329708575729
ale_piq;parhelic;24.002401979568827;0.0;0.0;30.634231134422237;38.039087041854;31.326681823723767
ale_piq;pauixitador;25.553111419967056;3.3594005163596035;4.603697513272252;31.49294564824217;32.213758864077604;28.330197458048367
ale_piq;paula_arantzazu;24.77841029197076;0.0;15.298550614057879;31.81901097035949;23.98582260583176;28.89661580975088
ale_piq;pele_alvaro;29.949234775206904;5.732576230621823;17.558259405227798;27.521983597668008;27.64053331134314;21.54664745513922
ale_piq;pkmorla;25.584791247395973;4.473654412824595;4.022462977153888;33.204056233991906;32.02769915733269;26.272127218696934
ale_piq;rachelmygod;54.71026199903659;32.42703299685223;19.814800973307175;15.425110735422198;16.839782374269856;15.49327292014854
ale_piq;rafanasal_lefou;73.05117292810237;40.345430116875725;21.670291429693528;11.713818907897164;13.704411347953833;12.566048197579775
ale_piq;rafaqc97;37.02777705683895;15.45562863379737;20.12134236721802;22.2742490682945;22.446855374697105;19.701924555993006
ale_piq;rdosdedos;44.70708363273901;24.321568242985816;20.376903147406747;18.408169791019127;17.421552835095245;19.47180598349308
ale_piq;ruben0;45.28051370791004;25.90936862565726;20.803371005558223;17.70194965853175;20.249828239569112;15.335482470683647
ale_piq;taesuk;63.0985227743615;32.65108541667934;26.40108597883808;13.34677278541157;13.821203678726857;13.779852140344168
ale_piq;uryenbg;27.202934289453445;9.466971627260788;8.49879612843088;31.721514243715667;24.52999831665286;25.782719683939803
ale_piq;utges;37.409621743303966;22.94680664986864;14.54698072259511;20.63539163699783;20.99244321383862;20.878377776699796
ale_piq;vareludo;40.110852905035834;21.401473536867716;13.722142009447607;21.562330236096134;24.03645282401746;19.277601393571075
ale_piq;vela44;50.65390958986027;26.550286118176437;22.18746828665683;16.734750016363797;18.332231224319965;16.195264354482973
ale_piq;will_llermo;36.04125977013172;20.642281858853295;7.688268008355355;22.751051111810614;28.40636698311138;20.512032037869353
ale_piq;yeraim;47.36315174231558;30.811575099980747;15.48319155704724;17.894957569149902;20.064861115042277;15.745414658779836
andrestm;aitanaaguila;24.05491599722223;0.0;3.987849844865817;23.607739420653783;39.069202222864185;33.335208511616216
andrestm;aixa72;29.65841456732928;11.577575801154758;8.01017068675253;30.544766390865675;19.877772844098118;29.98971427712891
andrestm;alberto87fr;29.88102137535803;15.321767328810077;5.420077579750315;29.52205689055946;18.65328108788682;31.082817112993336
andrestm;ale_piq;25.636398833806055;0.0;6.142959224172055;30.451210904103867;32.14009966483952;31.26573020688455
andrestm;batty;27.5146675345914;0.0;6.725385533527497;32.76033083635198;27.318667429081195;33.19561620103933
andrestm;bennu;30.65956084560773;15.865994887412137;5.33090669730193;27.616541739256032;30.07359161819332;21.112965057836583
andrestm;billwayne;21.400185225253228;0.0;9.266711554133764;28.105377024431437;37.09953345367587;25.52837796775894
andrestm;blanchot;24.344206205222452;0.0;6.479420065274268;29.145292906333285;37.87370435346713;26.501582674925324
andrestm;borinot;29.006602194110233;11.837737508774769;4.187601488089063;27.861112550298486;32.51437893049243;23.59916952234526
andrestm;bracero;27.002250129567077;8.477627880335776;4.816503622186786;32.58595067964165;21.249432742373152;32.87048507546263
andrestm;carlos_;24.587319873019393;0.0;6.674021482073197;35.37795793789089;23.420205726918372;34.52781485311753
andrestm;danielquinn;44.974532661612315;31.175522385012844;10.124821257928978;20.00238639825813;19.36230182554534;19.334968133254698
andrestm;didacus;31.946214685406616;17.914096457473963;8.352278364597279;20.95605271974547;23.7569238092793;29.02064864890399
andrestm;doark13;28.554209667338785;1.0021071813802398;4.312827816438238;30.008180617464028;37.13029968049853;27.546584704218954
andrestm;drdrakeramoray;23.374708863803747;11.017438060813044;3.814282954910689;27.353697084911435;30.0161981743091;27.798383725055736
andrestm;eloyg8;24.761863953282774;0.0;4.824362794802179;31.871629900192975;36.241568359041324;27.062438945963525
andrestm;explodingboy;29.718676018492097;5.777049801641024;9.363965974641427;29.68411301731768;25.223373930848933;29.951497275550935
andrestm;ezequiel2517;25.05373561832154;0.0;0.0;34.94435519997714;28.151006292056802;36.90463850796606
andrestm;faildeguionista;26.976366072216347;1.0607202797321151;8.110789355805341;32.59525071987517;28.57959620803678;29.6536434365506
