usuario_base;vecinos;similaridad;imp_pelis;imp_dir;imp_gen;imp_fecha;imp_pais
0uno4;1999_sohu;41.42096561230416;23.871703455526152;22.6248215633228;16.103466664273732;18.599270572916247;18.800737743961065
0uno4;_alvarocampoy_;39.709176543615186;23.79406756949718;18.811823708653698;20.75652165940467;19.297434170327026;17.34015289211744
0uno4;a_de_la_hoz;39.776530586466066;24.858603637867446;17.35178136430067;19.313435218034382;19.264757609831264;19.211422169966244
0uno4;a_karerina;48.12611016081178;30.18664708159424;23.645757378822864;17.410415718642962;15.922442469333006;12.834737351606927
0uno4;adam_kadmon;32.66053669710382;17.49206759815565;12.002627293326242;20.89999549895139;23.462113541332553;26.14319606823417
0uno4;aixa72;35.7366166992925;25.20934366165416;16.153091916594168;23.70909947726706;21.44257881926128;13.485886125223331
0uno4;akerwoman;50.214075960418846;28.443235525637757;23.03825567203952;16.14435204527969;15.260366852360903;17.113789904682132
0uno4;alberto87fr;36.98200628962445;14.259749280155665;24.075715856040194;20.188345924354145;20.758244379994327;20.717944559455667
0uno4;albertomilano;50.3235038966511;31.874479667811794;22.114528744576077;16.706101554511328;15.254394423064353;14.050495610036453
0uno4;albertvanden;44.66232369649027;25.58309861260883;21.65413890199608;18.89712700309302;17.176577474532564;16.689058007769518
0uno4;alchemy97;33.737238123156416;22.795526844196974;14.39624390318139;21.796257739074075;22.713335854909502;18.298635658638055
0uno4;alcorona;23.22372461544761;4.730741823101801;5.288101685006458;26.26938375232653;32.99579343955027;30.71597930001494
0uno4;alejandrogr;28.025860342910757;11.760435966878816;15.75820721145751;16.324029596184417;27.34207660112539;28.815250624353858
0uno4;alen99;40.36130567800941;20.687571188667157;21.907281445977674;18.97487069507104;18.985640019218053;19.44463665106609
0uno4;alvaro_souvlaki;50.79468819220024;32.87656305013366;21.128158375158133;16.99386908802657;15.102875723198464;13.898533763483169
0uno4;alvysinger_;30.466063257446688;15.145864645262295;10.366198563041989;23.25732812693808;25.19347182273967;26.03713684201796
0uno4;amaiazufiaur;28.031174971459876;4.703282489086826;17.855915435140634;22.932146465037267;27.336892623605916;27.171762987129345
0uno4;anaorgana;40.56082473045072;21.127540656325117;22.329907204628714;19.34714533968079;18.926010067389512;18.269396731975853
0uno4;andrestm;34.87741299743723;16.380237712578108;22.81472245311049;14.168162664575306;21.97081590783738;24.66606126189871
0uno4;andreumarves;46.796271536875345;28.172871483555628;20.666692649811214;16.287476681792832;16.422235237184406;18.450723947655916
0uno4;angelopoulos;37.502344573083334;14.061897824534524;23.33233049872925;22.242615484537435;20.43299503088392;19.930161161314878
0uno4;antares_not;41.65341736211918;23.21096275170023;23.755691329241305;14.924051986500896;18.429570148264933;19.679723784292634
0uno4;anthonymous;47.24788684288276;26.508404087721228;23.67353007204311;15.04963508392404;16.21840195428208;18.550028802029555
0uno4;antoniomagnolia;38.55266400014938;18.808348475012497;20.272137099183944;21.931960067143244;19.876323470288305;19.111230888372003
0uno4;ariadnasc;34.81996696685492;19.15682456674094;19.161358479782123;24.0589194327092;22.00706339089104;15.615834129876706
0uno4;asm5sgr;42.98220635902062;27.605535174607112;19.157990676683003;18.281112163657408;17.860449456927412;17.094912528125075
0uno4;astarloa;38.23594779982064;24.71085154615428;17.263874856402058;21.35553638527061;20.063471871593446;16.6062653405796
0uno4;bander7;50.35958271339789;29.233700679243057;22.252685034667998;17.449975635335104;15.241307907463778;15.822330743290074
0uno4;batty;55.222787578370514;32.627713709625695;23.57875925967243;15.088593256993509;13.901535179350395;14.803398594357983
0uno4;beetbeatbit;43.79269449095084;23.23823273432904;20.702918955728713;19.694174932736498;17.49801489074052;18.866658486465223
0uno4;bennu;58.88931622992623;31.715643687527074;26.858849809330778;14.344998542940107;13.036006755880674;14.044501204321362
0uno4;bergmantonioni;51.940878260123924;29.189786470546256;24.335292221821582;16.49202996327511;14.753027788068826;15.229863556288235
0uno4;bernatus;45.53353895429874;27.023882085945253;21.914099765647073;18.8902115331946;16.829028402062402;15.342778213150678
0uno4;bernax24;34.1171514456233;15.457156158177327;14.072540389703976;25.100297072385494;22.46041031677663;22.909596062956563
0uno4;blanse;51.765578794851365;29.713108022351275;24.804870969949565;13.392462476497025;14.829440625639894;17.260117905562254
0uno4;borinot;72.30838098314085;37.073390795342895;30.783716324076064;12.048318075151075;10.616398358706375;9.478176446723586
0uno4;bracero;59.94623310966174;35.921568657368596;25.58369299846486;13.962669215232333;12.844632336430186;11.687436792504029
0uno4;bustinduy;30.07188662543915;7.306854185434226;15.827249901537044;28.216172569479138;25.481780702780163;23.167942640769432
0uno4;carlos_;44.99413514638598;25.394434800850764;22.66194076225544;17.779727692684993;17.030780074230584;17.133116669978218
0uno4;carmenmcab;29.271605989251114;9.758609006755073;11.896859162315701;26.523069333637665;26.178448172255987;25.643014325035573
0uno4;chinemusic;43.67617209798185;23.64527696594522;20.59312030001035;19.39186838068361;17.54469733724023;18.825037016120586
0uno4;cinematictalk;25.947736656436195;0.0;11.832382424828202;33.18322525208461;29.5318713325324;25.4525209905548
0uno4;colin_maillard;40.534566363841144;24.39372359538846;19.314627127761614;20.406790249277588;18.90448792346951;16.98037110410282
0uno4;colmener;44.43339876976318;22.25328323547781;25.220576494840284;18.113053374994205;17.24570349162134;17.167383403066363
0uno4;cronicasdeckard;21.073236996102935;0.0;5.337111136061533;24.981788704026975;36.36295745404548;33.318142705866
0uno4;dani1medina;34.76678968465251;15.168329959437711;20.131295144955185;18.525371166848167;22.040724129515418;24.134279599243524
0uno4;danielescaners;33.445451082848074;17.081555105434497;21.282359217046512;15.61310778338709;22.952436051424954;23.070541842706938
0uno4;danielquinn;42.56364080621454;23.747077972150187;22.62690767003331;19.572813726933095;18.03290065623853;16.02029997464488
0uno4;davidmd;49.30993118662168;25.845486601148043;22.733560984959638;17.541782972466443;15.58508318523523;18.29408625619063
0uno4;didacus;46.475745504193085;20.839054680729927;27.22417444818102;18.133755876587323;16.48785214729204;17.315162847209685
0uno4;diogoserafim;54.553118618083246;34.23658661250828;24.016788280107694;15.23260055277509;14.046588714257306;12.467435840351616
0uno4;doark13;75.06994332671779;37.17309734933336;28.833323744262433;11.496889623012304;10.20761687501612;12.289072408375786
0uno4;dogstarfran;19.50451082827303;9.012515826215118;4.056673112206077;14.77852651479049;39.315842742441504;32.836441804346805
0uno4;drdrakeramoray;27.35849319882884;4.015771063415141;13.373490346743365;28.163206552791234;28.10716127100615;26.34037076604411
0uno4;edgarfaber;30.248301178001828;9.443510766701555;14.717657530182436;26.340307340357256;25.361618117030847;24.13690624572791
0uno4;elaguainmovil;27.127988188027924;18.662161824318698;13.789987529150531;29.912496837805982;28.2470345754015;9.388319233323285
0uno4;elenacf;61.06158930965426;31.66690974813233;26.413924885661874;14.252813375973869;12.571808003509666;15.094543986722254
0uno4;eloyg8;42.54889122863831;26.33740880128995;23.020760951014456;16.1349543751583;18.04170578887959;16.465170083657707
0uno4;endika;53.36313280478061;31.705931962759067;23.013906945896625;16.12147353986599;14.359824471168595;14.798863080309724
0uno4;erni;39.707008049622715;26.562270161888733;19.563988932668412;13.702705138065484;19.33884264360836;20.832193123768988
0uno4;ezequiel2517;30.672858511841092;8.596429598558647;15.09832158271973;28.439160661818317;24.98251736180663;22.883570795096666
0uno4;fabregatto;52.580856363361896;30.50607412481281;23.3583234506689;15.364145725865722;14.573464057201097;16.197992641451478
0uno4;faildeguionista;37.83133592508153;22.651869213493228;14.868430408789383;21.74769821097266;20.281076589659943;20.450925577084778
0uno4;faure;44.62589929196788;24.619211504892;23.241037952188364;16.01669072766207;17.20260065124749;18.92045916401008
0uno4;figmare;22.97048758899957;1.9131582627634023;3.3368041027309574;32.14491114654579;33.35955396416041;29.24557252379942
0uno4;filmandera;39.76111309819305;21.552476949786875;17.401385564163444;19.447343726721027;19.272227576122162;22.32656618320649
0uno4;filmcanet;51.511444786942405;34.978504501416786;26.225309648551317;16.10446661186851;14.876018785296298;7.815700452867097
0uno4;francorizzo;22.95470017132118;0.0;6.687596459248701;26.762597961113524;33.38249746627834;33.16730811335944
0uno4;fshtravis;37.94767199399775;17.950133044578365;20.631306058166988;21.504591243933426;20.193207647349563;19.72076200597166
0uno4;garles;38.079852433793405;19.041878915249914;18.17051235736732;20.75021816828131;20.123114227939592;21.914276331161854
0uno4;genzai_2;69.21240762340126;30.794906759079392;32.182413762643804;12.350738411645231;11.09128555918898;13.580655507442588
0uno4;glorfindel7567;39.33532328214438;13.96523991152354;25.712539008688427;21.37496313264723;19.48084206177481;19.46641588536599
0uno4;gorkalonso1;66.20149515265776;35.182701471482176;27.5462773080535;12.049758638304509;11.575044015868343;13.646218566291486
0uno4;guillehormigo;33.78862709554769;10.40496330468295;22.71648551371169;22.722064130296733;22.67879124361585;21.477695807692772
0uno4;guxiguxi;42.75647047760368;17.98694112715218;25.805626134508493;19.403093225239036;17.922087855911705;18.882251657188597
0uno4;hectorog;24.5766080758593;0.0;4.372378799405701;30.83610901198769;31.179453972779996;33.61205821582662
0uno4;hill_valley;32.228247228833744;10.22693954279367;23.26387835142176;26.617795982516906;23.7768195976458;16.11456652562188
0uno4;hobbitillo;44.514594635015435;25.174384974602805;20.898105138208976;17.195849492210762;17.214246846258906;19.517413548718547
0uno4;hobbsend;31.744317565820943;13.843793629986708;11.294486101643443;22.58398529888495;24.13928788103375;28.138447088451144
0uno4;huer;52.163641796926655;26.537729411281617;25.4463970695683;16.531574836592974;14.690025349293304;16.794273333263803
0uno4;irca;36.142921674323254;18.238499861711126;20.33265777504547;20.45624443203037;21.201529505919677;19.771068425293368
0uno4;isaac98tm;35.44588623615227;16.117535103836612;19.71602307398319;18.841869887893505;21.6578454015217;23.66672653276498
0uno4;isolarh;26.8672624744252;4.907032657952872;10.800952623950145;32.54600255797368;28.521149895257505;23.224862264865806
0uno4;itsmerocio;36.99044293779302;24.35484898605608;11.897099455424291;21.718082813590744;20.753509913723526;21.276458831205353
0uno4;jal90;35.02034311821461;15.685946444847092;19.287412253810754;18.680336922392335;21.881145416583646;24.465158962366164
0uno4;jarsito;50.76532305248776;30.2985609483988;21.77243616271059;16.837546847257506;15.094658602212053;15.99679743942105
0uno4;jasikedevicius;48.78937825675153;28.37307341423843;25.992996217750758;17.981341919459418;15.705984533678059;11.946603914873338
0uno4;javchas;25.457459393709474;3.452518764811055;13.364789358955818;22.940128697060395;30.100616422770642;30.141946756402092
0uno4;jdcasero;50.79420020375408;30.281335829701213;22.666727348750154;17.16434901755914;15.086077096094801;14.801510707894705
0uno4;jjm_24;57.11017192480283;33.47317446703071;25.171576014628318;13.251784839430698;13.441643604241033;14.661821074669248
0uno4;jlorenzo;37.4746023314992;23.45384628333192;16.71018706426165;19.004817563248924;20.448121464499405;20.383027624658105
0uno4;jmrebollo;30.637362627713216;12.192384790073246;13.845735926721142;25.612337295521876;25.011461646348117;23.338080341335605
0uno4;joancuadrado;47.44465200282342;30.566645914558617;21.67849960379182;16.108577222825655;16.151140075022717;15.4951371838012
0uno4;jorgemz;46.23343646950679;28.040577422959018;21.735166534186593;17.96055294375067;16.604466006519658;15.659237092584059
0uno4;jorgepm91;40.30893394868208;26.165620665560997;19.04190418236826;19.900004263923844;19.010307275401466;15.88216361274541
0uno4;josanjosan;48.97416777609874;25.57401449776783;25.70327550604859;16.11352238519191;15.670544408495763;16.9386432024959
0uno4;juangl001;28.32735222800092;8.532529894529791;11.922254320741656;28.483348492004296;27.051071139322836;24.01079615340142
0uno4;judex1916;26.18518431170954;7.552278388938455;10.433111913728272;28.888862220284395;29.26407586772797;23.8616716093209
0uno4;kaarlenberg;37.862930666566605;26.11496232676947;15.725071291663735;19.72901773181965;20.238402226612287;18.192546423134875
0uno4;kirkis;50.74597470654598;29.444109903905655;22.16895384220691;16.254711912772798;15.100413870057388;17.031810471057245
0uno4;kndel_01;40.691484839938;23.21966950885324;22.478815047864625;20.332615462444814;18.831586591704127;15.137313389133197
0uno4;korin;34.25773708073103;17.95934426078715;17.476224649211776;20.540179643923242;22.368238115159134;21.656013330918714
0uno4;lacaneli;25.041882059199565;8.774535801005086;4.8548443771954455;28.037459672058976;30.600144929074936;27.73301522066555
0uno4;lobo_lopez;49.08620537828489;30.887356922814366;19.84979293182551;17.405127472899718;15.63087257352263;16.226850098937774
0uno4;loloaka;48.20754208626864;27.348113736200794;22.136489627568945;16.9352695431014;15.89554636361715;17.684580729511712
0uno4;lubilder;33.589966263471716;18.316377247971452;15.538569443865853;22.542580422420592;22.812920212475028;20.78955267326708
0uno4;m0liner;73.61865680642998;34.92119432985202;30.243560011299014;11.713360748871008;10.408845441491124;12.713039468486828
0uno4;maboroshimirage;53.68042587824795;33.15585122826784;23.7303185985707;15.763207313645864;14.274946738431478;13.075676121084125
0uno4;mabusecaligari;64.45605704625305;36.47633190314277;26.02992615293313;12.831910448362377;11.908049319174207;12.75378217638751
0uno4;malala;52.609905104333365;32.15987283521426;21.14202810386719;16.00358909518146;14.56541726864265;16.12909269709445
0uno4;mann_ohne_namen;59.08206080832032;31.240269148249084;26.606723490178375;14.061868067365584;12.993479132576258;15.097660161630689
0uno4;manuelsanbai;42.96483237208249;24.54817619211039;20.00859478404741;19.11160507640729;17.835173047392633;18.49645090004226
0uno4;manuki;47.442692411123176;28.71530793916651;22.48826300816564;15.809610598544083;16.151807188089705;16.83501126603405
0uno4;marioiglesias;38.95376104743805;21.43509027188765;15.763486498969463;21.765620807300902;19.671661983424986;21.364140438416992
0uno4;marioquema;30.112877844048253;9.485980029150545;14.177192660068892;23.241222256407575;25.447093574942485;27.64851147943051
0uno4;martialcantarel;48.96742947624057;28.718634308984857;29.571777434303677;16.740849602227975;15.677390715291633;9.291347939191851
0uno4;martincuesta;57.153536607957044;29.603204953593313;26.322349426775702;14.965756309765673;13.407485621836818;15.701203688028492
0uno4;martinsalernx;50.502449467212344;25.23519510899695;26.08301822782866;16.558440850539238;15.200343454400473;16.923002358234683
0uno4;mas0204;37.676395690541355;22.161816946067276;15.483029131261942;21.896635351896705;20.33860209459165;20.119916476182432
0uno4;maties_tp;59.28973074689733;34.83689917492545;24.0342922159795;14.139059722147529;12.94751329647932;14.0422355904682
0uno4;mcromance;32.25577568754797;12.261853722155983;14.429235101678204;23.86377417164207;23.75652744274649;25.68860956177724
0uno4;metaltft;40.55134145075553;22.21619851395788;23.596774212309388;21.145205431979342;18.931100593916575;14.110721247836803
0uno4;migblah;22.155599177263223;0.0;0.0;34.905871884966395;34.58652660112638;30.507601513907215
0uno4;miguelmsh;31.661935368352353;6.245916406782979;20.424907629507977;26.428854681590348;24.20209666255107;22.698224619567625
0uno4;miridbr;43.12251829724009;26.49661189821316;21.343248303429835;14.775578969689082;17.769955247658892;19.61460558100903
0uno4;mllvfrp;44.3910249769207;27.719409234107765;19.709309711256104;17.52414173084066;17.262165509958532;17.78497381383693
0uno4;mmgarnica;34.381497527618656;13.421023037190741;16.966821516980254;21.89316447110621;22.287720879311653;25.43127009541113
0uno4;mrbike;40.12887416486733;24.64033762512461;20.520204611429435;21.431823573824964;19.095607246793584;14.312026942827412
0uno4;msgatsby;37.86326069213009;22.632770075314532;16.622928189728718;20.83963124288612;20.263976407747894;19.640694084322718
0uno4;natefisher;44.06126428720916;28.924253227961234;21.949532693969118;14.162479524561446;17.42243645543733;17.54129809807088
0uno4;nestorjuez;35.8525438727165;19.61196540434785;17.983366618617822;21.083292544686035;21.3732454530638;19.948129979284506
0uno4;nichedeath;38.880351821836705;22.6058541506905;19.245744488109676;21.54999399870878;19.74471650205984;16.85369086043119
0uno4;nicoconka;35.436025651939815;16.12202003997899;19.061161136560315;23.417563095286326;21.624468495280052;19.77478723289432
0uno4;ninotchka;49.68704750017968;28.744931749854796;22.206139174846328;16.993423413956922;15.449792567919353;16.60571309342261
0uno4;novistenada;32.62030440932602;18.86084464780425;17.16890912364105;25.873869580620827;23.49105056448309;14.605326083450764
0uno4;padimo02;40.872257734501886;22.579367813184;20.657404081348737;19.755178808683617;18.748296834638925;18.259752462144736
0uno4;paloma55;58.79049791608337;33.63771503857148;26.372780432314585;13.650380453046033;13.057460038625118;13.281664037442782
0uno4;parhelic;22.687162079929355;3.874100954167077;2.6339106987038146;32.392933885787386;33.77616017413732;27.322894287204395
0uno4;paula_arantzazu;34.507702602823485;13.371938308449751;18.866582179421712;22.985627648655004;22.20620796255528;22.56964390091825
0uno4;pele_alvaro;33.69990941803724;19.56066598820472;16.05765934334576;22.32119718045774;22.73849495566207;19.32198253232969
0uno4;philippengel;36.615377753492325;16.80295361065067;18.866471262443987;23.487022337095258;20.927961619492535;19.91559117031754
0uno4;popovich89;38.747049492692604;21.549444290947775;19.413289286122072;16.980829250180292;19.776608292531375;22.279828880218485
0uno4;rachelmygod;42.15165556537714;26.064325078785025;20.394594455825843;19.588235205800597;18.192317008836543;15.760528250751983
0uno4;rafanasal_lefou;33.1769314461858;21.19360710709779;13.701408972247753;23.058334883427698;23.138203074485528;18.90844596274123
0uno4;rafaqc97;25.753002327409604;12.798365479456827;13.533503387731743;16.26795736428735;29.75518002002938;27.644993748494702
0uno4;rdosdedos;41.05967687465259;26.644943326468063;20.036885390296344;18.97580259260515;18.662719208619976;15.679649482010468
0uno4;rodasons;58.42910405735521;33.8457699768203;23.64585195322137;14.346744861308782;13.114786418017069;15.04684679063248
0uno4;ruben0;36.43984632668163;16.883893755004454;20.771010547713477;20.606070552110165;21.067090056864686;20.67193508830722
0uno4;saba1e7e;34.395031294285104;24.914949668589518;17.138886010601716;15.115252449824295;22.278951100580336;20.55196077040412
0uno4;simonsds;35.69530736384586;21.54507620417414;15.05215223626701;23.123250648493066;21.46739380886921;18.812127102196563
0uno4;stalker98;57.49690561830073;32.10154462464958;24.820488858839365;14.73647340244252;13.327416703002653;15.014076411065883
0uno4;taesuk;45.85800939274372;28.27013801994201;27.269009123207514;18.523541159855725;16.709953843516814;9.227357853477926
0uno4;tannhauser;55.87154301280173;34.21524886547397;22.74100983564538;14.42723643611068;13.715125428569799;14.901379434200177
0uno4;toshiro15;62.60082080060393;35.45132423525388;26.238888484107136;13.403284766256984;12.256392353538125;12.650110160843886
0uno4;trueno;34.31745118500203;16.64751594219393;18.021373854176478;25.00676844047179;22.329316247216017;17.995025515941776
0uno4;tumbaparaelojo;24.416456994190092;0.0;0.0;34.92329839226446;31.38396453222702;33.692737075508525
0uno4;ukazioa;47.48213503554116;29.154220004590876;22.045384375449142;16.8809039604566;16.138390148941934;15.781101510561443
0uno4;uryenbg;39.60867151432016;18.306898753034954;21.575879005750338;21.489128368805712;19.346400447469303;19.281693424939693
0uno4;utges;53.60473229442996;27.873846067049843;25.888616043319963;15.514176519844353;14.316867898698991;16.406493471086844
0uno4;uwugorka;52.56323994582856;27.590077776871286;26.136278294749957;16.114082893969176;14.600543493806887;15.55901754060269
0uno4;vareludo;53.715894460584245;31.49771357283377;23.843002617639854;14.192031267236471;14.291013579852477;16.176238962437427
0uno4;vicioinherente;22.80284562114381;3.8544468406039525;4.483221041329168;33.33652307870126;33.60480674384668;24.721002295518925
0uno4;will_llermo;29.55559097468963;15.612439310262586;12.985002712372184;21.903241851292634;25.926912473667944;23.572403652404645
0uno4;xator_nova;36.051473041741986;16.45628748861841;25.575286814308555;23.86455271461639;21.255309579751966;12.848563402704666
0uno4;yeraim;64.19376008060215;34.9139087949732;28.21830194202509;11.154267929063614;11.937067081693844;13.776454252244237
0uno4;yosolomequejo;32.31864345678257;5.439111723778238;24.122923308235176;24.145034081982967;23.7103151106267;22.58261577537693
1999_sohu;0uno4;41.42096561230416;23.871703455526152;22.6248215633228;16.103466664273732;18.599270572916247;18.800737743961065
1999_sohu;_alvarocampoy_;29.755622454967213;11.076775035652787;7.566933708068598;23.624396983578787;25.78837451109454;31.94351976160529
1999_sohu;a_de_la_hoz;23.014277268424028;0.0;0.0;23.926914483246183;33.342308634312175;42.730776882441646
1999_sohu;a_karerina;29.22588614210338;22.594631842511276;17.09702436595204;22.521784189356318;26.255803911244655;11.530755690935726
1999_sohu;adam_kadmon;26.607776923000802;4.129072700978818;8.53324340933097;22.367537353009308;28.83928025629613;36.13086628038478
1999_sohu;aixa72;24.385281366555606;7.2086399119217655;15.917963722910086;25.470135738059433;31.467717109544928;19.93554351756377
1999_sohu;akerwoman;41.95807131787165;23.56612153231423;17.584245729971617;16.711321979974826;18.288474936467914;23.84983582127141
1999_sohu;alberto87fr;35.23681733665895;12.471664994806128;19.303209799384394;18.908566009819033;21.833531804195747;27.483027391794707
1999_sohu;albertomilano;41.86689268327552;24.667108540434242;16.850967406525342;17.291679380090063;18.379109084754166;22.811135588196176
1999_sohu;albertvanden;40.15352026535829;19.152943806746837;18.821753034549392;18.180248802315436;19.12389503535786;24.721159321030477
1999_sohu;alchemy97;27.473804468532332;9.597399191131322;5.967949363818006;22.802761619381783;27.930210268415042;33.70167955725385
1999_sohu;alcorona;26.52045084963699;3.314135071063488;5.699447918040899;23.268087816827393;28.93424173028085;38.784087463787365
1999_sohu;alejandrogr;50.268574837013745;29.286626329637837;23.35634923660436;11.35681333354213;15.264986886288538;20.735224213927133
1999_sohu;alen99;39.7844122742969;22.64446299887422;15.469227262968909;17.184318393239618;19.287683085246485;25.41430825967078
1999_sohu;alvaro_souvlaki;44.13140944922317;28.380377883990516;17.958308023071314;15.519012555017346;17.400117431969843;20.742184105950972
1999_sohu;alvysinger_;37.857204647613415;19.153869016596584;16.81932217410619;18.1043081279999;20.314583468041697;25.60791721325562
1999_sohu;amaiazufiaur;41.90045869593055;18.878819730620354;18.68062906009356;19.419278555959576;18.313621367442337;24.70765128588417
1999_sohu;anaorgana;44.94500728205532;19.555532766881807;25.22281186293493;15.385771946267235;17.120392991299767;22.71549043261626
1999_sohu;andrestm;19.30034288597084;0.0;9.595046871518207;19.623023818837567;39.75831622334568;31.023613086298536
1999_sohu;andreumarves;44.86145084792851;27.4287381348386;18.868110213375207;13.804915851108214;17.13237213715535;22.765863663522634
1999_sohu;angelopoulos;22.87501044671333;0.0;3.303865778172508;28.21308103709971;33.54530208705025;34.937751097677534
1999_sohu;antares_not;50.56883061094957;31.2853272181262;20.35215136579806;13.012034809779212;15.216412528610137;20.134074077686392
1999_sohu;anthonymous;45.9317860883272;25.35441835902878;18.4691633705517;17.43290797285427;16.706276873357595;22.037233424207653
1999_sohu;antoniomagnolia;30.89849727343592;11.378204639972612;10.743383603052097;21.623090738548772;24.834513112038458;31.420807906388045
1999_sohu;ariadnasc;21.55362825611021;8.537357697325154;8.86673163962506;27.48430960762362;35.60185443311124;19.509746622314918
1999_sohu;asm5sgr;36.11492661440197;20.686322755042074;12.937514207668587;17.683148130577372;21.302664690775778;27.390350215936195
1999_sohu;astarloa;32.15627816631339;17.083047478049053;13.63157110522085;17.409985221011056;23.87999329036974;27.99540290534931
1999_sohu;bander7;31.68709909433302;18.722868982007405;17.649521445393432;21.31409486028101;24.270235069205746;18.043279643112403
1999_sohu;batty;46.21630778246638;32.80537148579516;21.267802414655428;14.736549312552754;16.64659530180934;14.543681485187323
1999_sohu;beetbeatbit;38.19720912248651;18.94569740142477;20.844229272828315;16.419712218212382;20.089141413938908;23.701219693595622
1999_sohu;bennu;51.10914451943695;36.54360854817573;23.730208168749435;12.649440247079433;15.052965163719293;12.023777872276115
1999_sohu;bergmantonioni;35.470756124332176;20.442528391929816;13.463652854641298;18.257129311995833;21.63328949035411;26.203399951078957
1999_sohu;bernatus;33.742566894821316;18.23354150104116;13.886642929094116;19.87982283745891;22.7412792296249;25.258713502780914
1999_sohu;bernax24;38.58708917273249;22.777659094147587;14.413064538085646;16.63641192207491;19.88616275885549;26.28670168683636
1999_sohu;blanse;55.516355998839465;30.080410338849696;26.15566212180029;13.468086227354709;13.860351131145968;16.435490180849346
1999_sohu;borinot;33.10292991426382;20.57720457942819;23.287208616788632;19.791670835469997;23.244957158129225;13.09895881018395
1999_sohu;bracero;37.36229551666613;24.112454527196068;19.22748343431912;16.857618171144022;20.626141490787052;19.176302376553746
1999_sohu;bustinduy;25.841274017965652;3.4012392810080474;8.7928621599452;27.24600302732625;29.69470991043027;30.865185621290237
1999_sohu;carlos_;31.261662553483962;12.651777636545123;8.62801017353991;21.61337101372344;24.546011728154603;32.56082944803693
1999_sohu;carmenmcab;30.031197901504285;14.633508218597374;9.928425545445489;22.496483949232672;25.551732508179164;27.389849778545305
1999_sohu;chinemusic;41.57731010469365;24.31042543297349;16.71241319257179;15.881134922025202;18.455959121626844;24.640067330802673
1999_sohu;cinematictalk;31.95616939155036;10.314012669698768;12.770936391868595;22.506847733460617;24.012550637008648;30.395652567963356
1999_sohu;colin_maillard;36.46619868565059;19.281934378486888;20.72493621880414;17.072129550953044;21.042750912816697;21.878248938939237
1999_sohu;colmener;41.29142436292142;22.88230169788755;20.133371975394954;15.777254574860262;18.58374099510327;22.62333075675397
1999_sohu;cronicasdeckard;31.488177737946252;13.956405637802082;14.067663436769452;16.791136144297656;24.369436112357178;30.815358668773634
1999_sohu;dani1medina;50.69453524388758;31.207750600540496;20.390995473027353;13.172198860529171;15.136722962105683;20.092332103797297
1999_sohu;danielescaners;42.058658917809055;26.12195637079051;18.62422005478885;12.371620836998632;18.29530963337004;24.58689310405197
1999_sohu;danielquinn;37.698606643676904;26.8116566364742;17.01608330220616;16.85058462391769;20.400046902255216;18.921628535146738
1999_sohu;davidmd;29.87944661026391;11.766262930854344;12.47337407610369;23.558064882413674;25.72280138131468;26.479496729313624
1999_sohu;didacus;52.3068118026789;24.828213113326182;28.631587769371745;14.244710206071773;14.67015689226406;17.625332018966247
1999_sohu;diogoserafim;21.909422203433223;10.029059124095092;8.600603808567797;31.73203306361713;35.02370480400823;14.614599199711735
1999_sohu;doark13;45.20152515817854;29.65294706965751;21.06692518592288;14.850327630267275;16.976177971742366;17.45362214240997
1999_sohu;dogstarfran;21.904035450027923;8.025220417645498;3.556746814113515;9.042458627263853;35.064059375297525;44.311514765679604
1999_sohu;drdrakeramoray;40.5435248767942;20.594592774524383;19.992631713098547;16.686796936610847;18.96008987238595;23.76588870338028
1999_sohu;edgarfaber;26.540548346028796;4.96743822595221;3.41707924967766;24.622755189921016;28.932774743130903;38.059952591318215
1999_sohu;elaguainmovil;17.769910981101873;12.38700892300946;8.291406521461449;32.37516471281124;43.18249745288524;3.763922389832616
1999_sohu;elenacf;47.313189409136164;30.651577211781028;20.37894587885288;13.563777681579504;16.26346051228225;19.14223871550433
1999_sohu;eloyg8;48.30343695615677;29.568305678555088;19.66397524450078;14.302557936548691;15.930050450944963;20.535110689450473
1999_sohu;endika;40.9003424459424;21.48939373242753;19.58676070928506;16.83456852861836;18.761435474375965;23.32784155529309
1999_sohu;erni;39.679832399417315;16.612788716533508;20.38853859859166;18.425466147649708;19.362650768825716;25.210555768399402
1999_sohu;ezequiel2517;26.70916377262154;2.4680393499802937;18.173847777827948;26.556041960990726;28.729807575106744;24.072263336094302
1999_sohu;fabregatto;44.02685136569932;21.959687983193;23.097913555958364;14.783565315503319;17.42911682022438;22.729716325120933
1999_sohu;faildeguionista;27.5571530466519;12.757828228830924;10.822040383549304;24.38329428543393;27.89171155711908;24.145125545066758
1999_sohu;faure;54.54263182060188;35.4517516519247;20.59544142625839;11.316181029525671;14.105373105739686;18.531252786551562
1999_sohu;figmare;25.151347495515182;8.736346658650177;5.0010411195600915;21.800200405527367;30.509265390900325;33.953146425362036
1999_sohu;filmandera;33.81380232986309;16.89547688617178;11.145404956717899;20.15322928422191;22.693370245490993;29.112518627397407
1999_sohu;filmcanet;18.612890912166158;10.624776265057866;7.308737593981349;32.639674270740365;41.22675726734409;8.200054602876332
1999_sohu;francorizzo;46.19859071660486;15.695542394418895;28.137364450054992;16.906818572286088;16.609795315761126;22.6504792674789
1999_sohu;fshtravis;28.715414652994145;3.060807490447745;14.21223449352887;21.03337228785653;26.722551108953517;34.97103461921334
1999_sohu;garles;46.94425549495711;27.61599350514626;22.21350890219159;15.286910455952523;16.34596454004601;18.537622596663624
1999_sohu;genzai_2;39.23544689475375;20.721168223135106;21.190077190500332;18.38649566058948;19.61176050140785;20.090498424367237
1999_sohu;glorfindel7567;31.552702827044094;5.571145948604069;26.301582687383952;20.63940520825395;24.319600760849156;23.168265394908882
1999_sohu;gorkalonso1;51.56046073389002;31.96212090506505;21.948266980789594;13.49469332229577;14.882511225797877;17.712407566051716
1999_sohu;guillehormigo;27.319705426170874;1.6085890182586133;18.81120416478909;21.363599815391886;28.087752913483023;30.128854088077386
1999_sohu;guxiguxi;39.38517057283154;18.968688401099072;18.77237018490343;18.142056569761294;19.48319950171188;24.633685342524313
1999_sohu;hectorog;25.6574460627056;0.0;8.836728800543591;26.038074462638;29.907463658076622;35.21773307874177
1999_sohu;hill_valley;27.061361585800622;16.239455650176055;11.691342510188182;26.98415607301432;28.355895295455678;16.729150471165767
1999_sohu;hobbitillo;46.68337094910715;28.241005675344795;21.153792969242577;14.767906219072946;16.437312046637988;19.3999830897017
1999_sohu;hobbsend;34.74352099698673;11.38386645411359;22.015205925014858;19.33717985228066;22.08610738520083;25.177640383390067
1999_sohu;huer;33.65964674456535;18.278459619535937;11.566097159688084;20.302761279309184;22.797302107851866;27.05537983361493
1999_sohu;irca;33.27714394605068;7.923668846433121;20.87442896263786;19.770235432546567;23.059344784019473;28.372321974362983
1999_sohu;isaac98tm;51.395771523834746;26.93421209703778;25.170255557876388;13.783312435125078;14.969016889683164;19.14320302027759
1999_sohu;isolarh;17.062628998465826;0.0;0.0;38.71796853798526;44.97250310889515;16.30952835311961
1999_sohu;itsmerocio;32.66869718906559;17.48769815923363;10.999321022858261;20.527270971779156;23.549888370084236;27.435821476044715
1999_sohu;jal90;35.79838174992508;18.414035488080696;12.666935290793075;20.137379730055876;21.435302328464466;27.34634716260589
1999_sohu;jarsito;27.45015343588217;9.605668303439064;6.607697639294976;23.43384561314996;27.954274917690217;32.39851352642578
1999_sohu;jasikedevicius;34.133044580166356;26.393679871169663;17.932813857667906;19.3079592787163;22.481121889880033;13.884425102566091
1999_sohu;javchas;52.568864546363415;30.513033058801657;23.828198271467468;11.832677123026114;14.597027010211736;19.229064536493027
1999_sohu;jdcasero;56.3731956390127;32.741437851144525;23.863329856276696;12.133753028633734;13.611950271422788;17.64952899252225
1999_sohu;jjm_24;45.92283519474765;30.144145178392368;18.85256800551561;13.211590480399648;16.75585107936943;21.035845256322933
1999_sohu;jlorenzo;27.776972273196083;13.447920472979195;7.861639622880261;20.13734529120109;27.62536996949437;30.927724643445092
1999_sohu;jmrebollo;28.889471499946797;0.0;14.457720772909594;23.9087397548076;26.561549790927884;35.071989681354914
1999_sohu;joancuadrado;32.12914248775116;5.471192161116986;18.818047003662716;19.9933896632835;23.883274692811092;31.834096479125716
1999_sohu;jorgemz;50.393835081075466;30.957940016399327;20.179619299659937;13.637441602087407;15.266632729198522;19.958366352654814
1999_sohu;jorgepm91;34.40925271080688;15.325939856914097;14.496140554046136;19.247997831239655;22.300662619110824;28.62925913868929
1999_sohu;josanjosan;58.71720911101036;30.685949326169244;26.257202834112356;12.582167496697405;13.104100758639113;17.370579584381883
1999_sohu;juangl001;40.42077169572688;23.37518038795279;16.07968538870646;17.134034047818133;18.984029831388643;24.42707034413399
1999_sohu;judex1916;21.927780963820464;0.0;1.9369324678817361;26.049429614457047;34.994381645160956;37.01925627250026
1999_sohu;kaarlenberg;38.57453748631027;22.21544390132476;13.171347974447633;19.30928223811608;19.89263347491214;25.411292411199387
1999_sohu;kirkis;49.13737816100374;29.96083679009593;25.143832583971285;13.345920799572626;15.616403731699513;15.933006094660657
1999_sohu;kndel_01;37.04157636806169;20.168823831815548;17.019920990968938;20.884438992252203;20.715887684009566;21.210928500953752
1999_sohu;korin;33.44916352060951;12.481289464337562;13.10468024210174;20.6721556735366;22.940757104632265;30.801117515391837
1999_sohu;lacaneli;24.017551676319012;0.0;0.0;26.874329043839822;31.94951533865231;41.17615561750787
1999_sohu;lobo_lopez;26.94009838420655;8.1562764738012;5.161063247169722;22.435313690359177;28.53056262642293;35.71678396224697
1999_sohu;loloaka;37.133471986590656;18.93544590561021;15.360867701488209;18.085077698017145;20.664621287137596;26.953987407746848
1999_sohu;lubilder;33.84106999918311;14.933955945071611;13.846222297071767;19.672221028926945;22.675084910079732;28.872515818849934
1999_sohu;m0liner;34.00759238792894;20.029814320700375;20.491852099417333;19.535336359601366;22.56405354798951;17.378943672291424
1999_sohu;maboroshimirage;37.81605124069448;30.21469968196984;18.348089188868656;18.419092277397475;20.29162513016885;12.726493721595183
1999_sohu;mabusecaligari;39.89248452758078;22.03230941919163;14.922947354183457;17.742805028960777;19.278151080035453;26.02378711762869
1999_sohu;malala;31.786535179309702;13.134136510494448;9.84407553086772;20.97463703273526;24.140697668077618;31.90645325782495
1999_sohu;mann_ohne_namen;48.69077106750756;29.333090397444163;21.09056136475178;13.87372010522977;15.800615909982577;19.902012222591704
1999_sohu;manuelsanbai;32.56476203467048;18.893013656090965;12.996422298886218;17.636299014941763;23.563787595391023;26.910477434690026
1999_sohu;manuki;48.32151879758423;32.74032878247707;20.595653469387578;13.322803938040316;15.880070717433481;17.461143092661565
1999_sohu;marioiglesias;23.995524958981992;2.7471483665633754;1.8897514678947311;26.149992926655955;31.97884342981191;37.23426380907402
1999_sohu;marioquema;43.36813215385504;24.319891652069106;20.388047259519386;14.70806002188923;17.693847937862323;22.890153128659954
1999_sohu;martialcantarel;29.411603802059222;23.15976257563312;18.355466196049502;21.086516010906035;26.157844950458447;11.240410266952907
1999_sohu;martincuesta;37.56160434491735;19.30460510941933;17.303661634569334;17.201336796455827;20.429083077311702;25.761313382243806
1999_sohu;martinsalernx;69.71697038847701;39.0817763439052;28.65426913972533;10.406322014218922;11.037143228943261;10.8204892732073
1999_sohu;mas0204;31.08030863329834;12.725600889035157;8.75388575753573;21.11147317705099;24.689237958767183;32.719802217610926
1999_sohu;maties_tp;46.49873444295716;31.188459120082847;19.14927284677268;14.458046715768363;16.548325387427056;18.65589592994905
1999_sohu;mcromance;33.781024712717844;16.261413953664754;10.940276643097087;23.526218760587614;22.715389547983072;26.55670109466747
1999_sohu;metaltft;31.57183218192879;20.87913897934286;16.068849121386346;20.341700648300144;24.36805591659453;18.342255334376137
1999_sohu;migblah;22.61383606855647;10.688322803151985;6.617320216869129;25.51032853801577;33.932727439657775;23.25130100230534
1999_sohu;miguelmsh;37.77679159717274;13.378082868734369;19.366021039512166;20.37694554807681;20.312713262204568;26.56623728147208
1999_sohu;miridbr;42.52342136668934;21.185892920248172;19.267684048701586;17.64113037505718;18.04532916254313;23.859963493449936
1999_sohu;mllvfrp;33.2528777363137;11.233389094086231;13.152549447018515;22.1877782263897;23.076172286931058;30.350110945574503
1999_sohu;mmgarnica;38.30845783732944;13.765997571776632;28.0141449718078;16.745871953846912;20.03080204736642;21.443183455202234
1999_sohu;mrbike;39.689092424824416;29.89604289323616;20.428642251532445;16.75358109895383;19.3340056120677;13.587728144209875
1999_sohu;msgatsby;31.01304112676878;14.170225341966464;10.23501849758962;19.735384626715685;24.783643789424193;31.075727744304046
1999_sohu;natefisher;39.19399644619868;18.500586949591497;18.511234423929768;17.061640067889936;19.632501337848293;26.2940372207405
1999_sohu;nestorjuez;39.46207318459469;23.943061110553167;16.470328079208713;14.440737189866212;19.445231173991857;25.70064244638005
1999_sohu;nichedeath;38.4693537085051;27.98802840198553;22.6990788984782;16.607714858896074;19.99888477015112;12.706293070489094
1999_sohu;nicoconka;36.522329139621085;16.244128420590584;18.623776022384583;16.6128882544314;21.01041072013596;27.50879658245747
1999_sohu;ninotchka;45.68167252412149;30.784286618152958;22.13036449435003;14.344389161390607;16.844308562899204;15.8966511632072
1999_sohu;novistenada;25.30093370453073;13.027042394110074;14.860545423870573;26.826831806843085;30.328886065656018;14.956694309520259
1999_sohu;padimo02;44.013179900303676;18.97107608159015;26.787090685977173;17.19371002876439;17.434530688707053;19.613592514961233
1999_sohu;paloma55;47.71564890667775;28.090541859856778;24.075008556172058;13.684052447403742;16.126285721704384;18.02411141486303
1999_sohu;parhelic;52.063477953771944;24.478563781677416;26.557544286043026;15.382090196420995;14.738722149157443;18.843079586701112
1999_sohu;paula_arantzazu;33.442832729587664;13.797720848062134;17.464235256695346;20.573289220124387;22.945099833021526;25.2196548420966
1999_sohu;pele_alvaro;27.911023272261428;11.02156821387174;6.363352310110211;25.122880003495787;27.4926909054616;29.999508567060648
1999_sohu;philippengel;45.249132553151185;27.193736503376826;23.717110825069213;14.296979472967486;16.958317041284143;17.83385615730234
1999_sohu;popovich89;38.19807548957768;16.106740613051347;21.368103046899332;15.550524078165601;20.088685773941663;26.885946487942057
1999_sohu;rachelmygod;36.7115182929189;25.138424768462396;19.35125803623423;16.961664332616646;20.92107423752466;17.62757862516206
1999_sohu;rafanasal_lefou;30.01717415999586;18.300431070043125;11.649135021053693;17.85072996982501;25.634531204176582;26.56517273490159
