usuario_base;vecinos;similaridad;imp_pelis;imp_dir;imp_gen;imp_fecha;imp_pais
1999_sohu;a_de_la_hoz;47.45844024437987;10.772916691661967;22.832454808273212;22.992293489042698;23.795655292750617;19.606679718271515
1999_sohu;aixa72;47.92442654428168;8.828828506450614;22.86746784615976;22.690226113918843;24.684567758255422;20.928909775215367
1999_sohu;al1997;56.76799418070999;21.739184827000972;20.816874789647144;16.476747540056916;21.480103596993505;19.487089246301466
1999_sohu;alejandrogr;62.45120501476209;21.172356838903127;24.448658355719015;16.679768032562034;19.170339644296;18.52887712851982
1999_sohu;alen99;45.77356569990397;9.628841285534175;11.013040045991234;24.007186701136547;28.1012722185642;27.24965974877384
1999_sohu;andrestm;17.09995017437842;0.0;0.0;7.312739231688944;49.83286367359322;42.85439709471784
1999_sohu;antares_not;54.770590493444104;21.24443945917054;18.109078934273928;19.414764021801414;22.05775474517057;19.173962839583552
1999_sohu;anthonymous;52.024742326671614;12.538354668172083;19.141277329275784;22.20442367362473;22.854097891061716;23.26184643786569
1999_sohu;bander7;54.63202683823334;19.039408974989694;19.931893293365807;20.37928779004517;20.533402549627127;20.116007391972186
1999_sohu;batty;56.37976552481598;22.51427649392483;18.06463532829187;20.319681126519523;19.73716949267382;19.36423755858994
1999_sohu;bernatus;48.071720260407126;10.635480076422628;21.38722926678304;23.236194170862433;25.124976151081682;19.616120334850212
1999_sohu;borinot;50.101813221680395;13.723343299087087;18.034496920814245;21.496547118311334;25.572279356857194;21.173333304930146
1999_sohu;bracero;51.64358151542829;15.70327523238958;25.046923147441518;21.492534689435615;20.268357982690898;17.48890894804239
1999_sohu;chinemusic;44.22846548789279;13.951308327556525;10.481953695605164;25.186406694084972;24.20828582620961;26.172045456543735
1999_sohu;cinematictalk;43.28911080242775;8.145168907883937;14.826472962744559;26.41532102594192;27.121079729672715;23.49195737375686
1999_sohu;cronicasdeckard;44.009960549936885;6.409405779090304;20.05239403631269;17.137488468440985;27.34122892580179;29.05948279035424
1999_sohu;dani1medina;57.42770165994858;24.559375295618814;19.073327085268126;17.726281899132616;20.869087555525134;17.77192816445532
1999_sohu;danielquinn;41.54153674692793;10.18538495114153;17.19134058485992;26.40058222926878;27.001193175423126;19.221499059306648
1999_sohu;diogoserafim;52.68083204081476;14.724780010808134;19.89554468899896;21.768088992254164;19.51254642440582;24.09903988353293
1999_sohu;doark13;51.027878894818606;18.31121313555622;16.123781297040573;22.25416600480037;24.804575959615097;18.50626360298774
1999_sohu;elenacf;38.35169400719519;3.2178237485964547;15.247353906768918;28.343154278413923;26.107246697063903;27.08442136915681
1999_sohu;eloyg8;42.17959757071486;8.359423504853067;9.479666630218997;25.39075237638668;26.709496326669147;30.0606611618721
1999_sohu;ezequiel2517;45.238694370104476;3.897074443320886;17.9525614233579;25.425248872553325;24.493599056232377;28.23151620453553
1999_sohu;faildeguionista;45.01732478012453;9.007347487707307;20.007162368444057;24.58437930771383;25.7676462822377;20.63346455389711
1999_sohu;faure;59.41796618078432;27.297244475035058;16.956373818827785;18.1610262852993;20.69980757145196;16.885547849385894
1999_sohu;ferrandis;50.1296817552986;16.529193912216087;15.882553457390408;22.498090567029738;22.81127437584124;22.278887687522523
1999_sohu;figmare;38.36822273072724;0.0;9.048228077917054;28.264105766992355;29.767169046459465;32.92049710863114
1999_sohu;filmandera;43.67924014715256;5.247072220361437;14.862337727579542;26.222248580958585;26.158435100625773;27.509906370474656
1999_sohu;filmcanet;32.571461534679194;0.0;6.80452020824357;31.950553802208308;30.459968580409424;30.7849574091387
1999_sohu;fleming22;44.52244026995848;9.899421427148056;16.40094537862642;24.69813784425177;24.499752036560505;24.501743313413257
1999_sohu;francorizzo;59.783927232897945;18.873145913444098;22.31813302539265;16.8757605728454;20.686505018746455;21.246455469571398
1999_sohu;fshtravis;53.15916182642336;20.230213891502235;20.224391224404798;20.64662494364078;22.763138468876093;16.1356314715761
1999_sohu;garles;44.30519696633914;12.335472414668015;19.843691044370345;23.763065066955594;23.810920725539486;20.246850748466553
1999_sohu;genzai_2;52.98205742203579;17.303074945315238;16.740546520128685;21.309045966457052;22.03432560247188;22.613006965627164
1999_sohu;gorkalonso1;45.58411698099185;17.01719181948386;8.867252311701247;24.202080278118576;24.768890702124544;25.144584888571785
1999_sohu;guillehormigo;71.52750497985272;27.851855379733223;21.879566698207096;16.23307852016837;16.769612244990007;17.265887156901307
1999_sohu;guxiguxi;51.01622472848768;22.46227830483118;15.375247757831437;21.74634926016115;21.551254146520876;18.86487053065534
1999_sohu;hill_valley;43.396251328365494;6.500047512212758;18.65032152901681;25.790657488598946;26.41831345725863;22.640660012912846
1999_sohu;hobbitillo;45.172304685343775;7.805603938385678;18.07992494315752;25.61907198274745;23.323909512700133;25.17148962300921
1999_sohu;isaac98tm;52.255932363226364;11.8081322248211;24.809943340543246;20.559716601530987;22.38491030759182;20.43729752551285
1999_sohu;itsmerocio;41.86475992567728;0.0;24.354176838832025;23.729050924385383;25.33967682674883;26.577095410033767
1999_sohu;jal90;43.091552258579505;4.9095068644830535;13.4269309033617;26.326168961109992;28.96623053684831;26.371162734196954
1999_sohu;jarsito;46.89517349565889;12.03013762226144;15.357103791465585;23.97213941258096;25.37608075082765;23.264538422864373
1999_sohu;jasikedevicius;50.59073426480869;9.757438279451994;22.73472083676921;22.207691736380667;22.48865643967984;22.811492707718287
1999_sohu;javchas;55.13176847974947;22.70414695984648;16.63261632497244;19.166210145275677;22.154642578183406;19.342383991722
1999_sohu;jepgambardella;50.29491049262951;10.51588866261772;21.125777762707333;22.042705808417743;23.505081810374044;22.810545955883164
1999_sohu;jiajieyy;44.0021401299845;14.824385106840998;15.463855134094953;24.996361611814795;25.002985552136433;19.712412595112824
1999_sohu;jjm_24;46.683619409111664;13.595235820989142;19.237041566490316;23.928678508874228;25.9705409848507;17.26850311879562
1999_sohu;joancuadrado;41.743209829283416;4.223406882219748;19.0357933006983;26.611847241921623;29.27458297982117;20.85436959533916
1999_sohu;jorgemz;48.73339295463901;22.79670391000287;10.391629747620371;23.105526958986232;21.971284479749507;21.734854903641022
1999_sohu;judex1916;47.864915369276716;0.7366504602329254;27.871447764045826;22.47769801186462;23.958877653869386;24.955326109987247
1999_sohu;kndel_01;54.8514838057202;21.534519540667503;15.155934735817494;21.097032359815167;19.173567319558092;23.038946044141763
1999_sohu;lobo_lopez;45.169302994029174;12.489796246073972;17.734705354448884;25.324891319024523;19.32784350116681;25.122763579285806
1999_sohu;m0liner;50.246847794086726;15.08719133439154;21.41377031053202;21.50882524048208;23.092516338450366;18.897696776144006
1999_sohu;maboroshimirage;35.82115690867981;0.0;7.539267037015152;30.210926627136264;34.249426511958255;28.00037982389033
1999_sohu;mabusecaligari;50.43316692269514;15.381022250225879;20.918908149498076;21.258265564062313;23.64451267443065;18.79729136178309
1999_sohu;malala;41.90256198571004;0.0;19.7423352589712;25.88937970712107;31.257025264239125;23.11125976966862
1999_sohu;mann_ohne_namen;57.23101696082614;22.487447436713765;15.14020775625609;20.18576220000022;21.81806224104597;20.36852036598396
1999_sohu;manuki;47.61016922148918;5.184144219321762;21.950318799054326;23.6834507257065;23.955334363679057;25.22675189223836
1999_sohu;marcballesteros;47.983278994302474;13.22699965793376;22.00724008930511;22.846613894144;25.471667229281053;16.44747912933606
1999_sohu;marctorres;55.09051969097409;12.80064596724601;24.563668133007294;19.56801561975461;21.818960806662;21.248709473330088
1999_sohu;marioiglesias;50.995957809650264;8.64277127301924;27.870192671037973;22.177353116795455;17.79372581988943;23.515957119257912
1999_sohu;marioquema;66.99053419749359;25.26425849849595;21.23868085191066;16.72775403885224;18.07771424277816;18.691592367962983
1999_sohu;metaltft;43.167597434290556;4.900858147983774;21.049644399146995;26.39289375105686;23.17475677546009;24.48184692635226
1999_sohu;miridbr;42.90542697529955;8.218007469331694;9.642984207415097;26.02023390231657;28.680762207996125;27.438012212940528
1999_sohu;mrbike;58.40615664132112;25.355338999576855;21.11853657349971;18.98749477740072;19.123201363642192;15.41542828588052
1999_sohu;mrlombreeze;37.74382490149591;0.0;16.254654140984027;27.718339927257915;31.181506668263197;24.845499263494858
1999_sohu;nataliabzp;37.75777971430224;7.003797403326603;11.328827593492981;28.41640206867858;32.40145082599572;20.84952210850612
1999_sohu;nichedeath;55.708040622429394;24.05162771099994;16.34053969075584;20.80051591023953;17.00452401716217;21.802792670842518
1999_sohu;ninotchka;49.89618815346983;21.199843058553796;14.902068762219903;23.120481761617768;23.030774415267633;17.746832002340902
1999_sohu;niskanen;35.020262441254665;8.054699645940055;14.657275995482516;31.407881556363375;17.09176348810873;28.788379314105335
1999_sohu;padimo02;57.67286528161902;21.703790293897548;20.389968275952377;20.142423948121873;16.53471049806564;21.229106983962556
1999_sohu;paloma55;47.28211731487208;13.796012273902491;16.47380248173235;24.369352184765546;24.53294750734736;20.82788555225226
1999_sohu;parhelic;47.11435115665195;11.489959488585196;20.967503454345213;17.841081849836776;23.504429512867222;26.197025694365585
1999_sohu;pauixitador;54.17164921051414;9.763329836636442;24.26197400221906;20.061456788459658;22.877589798952542;23.035649573732293
1999_sohu;paula_arantzazu;60.45805714269042;18.95430802892826;25.2153962355849;17.82281021452154;19.00775054585;18.99973497511529
1999_sohu;quber;46.980072732379796;10.507347868808264;15.579384788531636;22.790348760074735;26.416592469625073;24.7063261129603
1999_sohu;rachelmygod;49.96374923694777;15.878382440694683;16.328281498630144;21.917238692655026;23.449378469215173;22.426718898804985
1999_sohu;rafanasal_lefou;41.08894476803041;1.7162627142092888;12.154456079627268;26.704763131268766;28.810447049671225;30.614071025223442
1999_sohu;rdosdedos;40.85377333731461;9.034608705509557;4.035321796455979;26.990712837378993;31.003848890236416;28.93550777041906
1999_sohu;rob3rtolm;43.61093863999582;2.8297715120049713;18.52066045349741;22.550437342942917;27.149500734344773;28.94962995720993
1999_sohu;saba1e7e;47.30601041327768;14.16172112015457;18.323876376968187;18.93947850055146;25.54894818306842;23.025975819257365
1999_sohu;simonsds;46.686817691072974;12.83906534120028;19.008253489359443;23.922287821212688;23.616127436294136;20.614265911933455
1999_sohu;taesuk;46.1789511893793;15.270902013858255;15.279039315092122;23.53163154583819;23.25311727046224;22.665309854749193
1999_sohu;tannhauser;36.34371996486468;1.9403468863327733;5.621607151887506;29.203745711937437;33.67573161514462;29.558568634697664
1999_sohu;toshiro15;50.22418432086985;14.391952889980338;17.714860617273892;22.827547973794797;21.854481405982185;23.211157112968802
1999_sohu;utges;44.457691979379746;14.27592811472427;15.346579918166737;25.30023678906467;27.116569997320553;17.960685180723768
1999_sohu;vareludo;47.65292065226382;11.838841843281697;22.66014569555157;23.629313522668127;24.21286607742184;17.65883286107677
1999_sohu;will_llermo;59.01202902020196;21.808765213202072;19.21336879440335;18.844448953514675;19.907599245342553;20.225817793537352
1999_sohu;yeraim;59.025496343452474;21.20642521050674;20.344389690587356;19.103193853841415;20.613884871477456;18.732106373587023
1999_sohu;yosolomequejo;45.365263317215884;13.601705661038668;12.681438457791977;24.986921504430562;23.032687400082622;25.69724697665616
a_de_la_hoz;1999_sohu;47.45844024437987;10.772916691661967;22.832454808273212;22.992293489042698;23.795655292750617;19.606679718271515
a_de_la_hoz;aixa72;66.1241067150226;25.59529734309897;23.268086517517506;17.73551241331765;15.17027986248965;18.23082386357623
a_de_la_hoz;al1997;55.01697627234706;24.03329457887039;18.840182971941456;16.880236943368015;23.37984827772453;16.866437228095602
a_de_la_hoz;alejandrogr;47.55966994767121;15.93963556630098;20.9550168007782;21.041207913850887;22.397325529439392;19.666814189630543
a_de_la_hoz;alen99;58.86688633713146;24.2584315606761;19.436365066110184;18.777827249843835;18.880041690771286;18.6473344325986
a_de_la_hoz;andrestm;16.85142847594284;0.0;0.0;0.0;53.91982998980895;46.08017001019104
a_de_la_hoz;antares_not;44.234057598006736;24.31206342892644;13.595619834699024;21.91713700335079;23.579377030666013;16.595802702357744
a_de_la_hoz;anthonymous;55.63890385145505;25.982686381221544;13.248477169013757;18.618739044216003;22.20628457300286;19.94381283254583
a_de_la_hoz;bander7;73.72457995088763;25.108788383223168;25.65241824980031;15.941144340480895;16.236550358589955;17.06109866790567
a_de_la_hoz;batty;57.515843828233606;24.521738421216927;17.299448083536717;17.51370737590106;19.144592389106293;21.52051373023901
a_de_la_hoz;bernatus;86.23783118337361;32.91370819374394;23.637256422943093;13.7284633468657;14.719157005462705;15.001415030984564
a_de_la_hoz;borinot;66.67214952924655;22.74064394119746;22.787556012939984;17.257613382650018;18.371041061483805;18.84314560172873
a_de_la_hoz;bracero;63.7809751660758;29.576132752012064;21.07877384622563;18.28364615394358;14.425781603425692;16.635665644393033
a_de_la_hoz;chinemusic;55.85459147819252;20.516498421808596;24.09120545067413;20.332291087982366;16.894964137477217;18.165040902057697
a_de_la_hoz;cinematictalk;69.82981886410796;24.489481094224658;25.419586966884726;16.32733515111404;17.938831608714967;15.824765179061616
a_de_la_hoz;cronicasdeckard;29.49422571665345;2.3909569469307264;16.598079080347713;19.903060134155623;33.37724538118887;27.730658457377046
a_de_la_hoz;dani1medina;48.44380684925927;24.018973106338077;15.703900959736856;19.069574924606624;22.120035818915373;19.08751519040306
a_de_la_hoz;danielquinn;65.39906189397472;26.68777946159336;20.29209220861235;17.913141505359963;16.059739421298232;19.047247403136094
a_de_la_hoz;diogoserafim;39.594898489799654;9.795626358117415;14.518161633315557;25.608476038578097;24.88607391523436;25.191662054754577
a_de_la_hoz;doark13;75.558906283007;28.232443758849254;23.808461406653525;15.531445735885248;15.514146580044875;16.913502518567093
a_de_la_hoz;elenacf;66.20419120413544;27.162106749109366;23.698060340558186;17.730276033473707;12.331781501139572;19.07777537571916
a_de_la_hoz;eloyg8;42.482959701057524;16.599461141079583;10.149136901663466;21.732859063527428;26.08295693729651;25.435585956432995
a_de_la_hoz;ezequiel2517;43.99499537618943;10.018103091695815;14.115955224436687;25.780509690288017;25.93190585954313;24.153526134036337
a_de_la_hoz;faildeguionista;54.808307503125405;19.2998362157655;19.724413792288182;21.312304395282744;18.099546237457837;21.563899359205738
a_de_la_hoz;faure;49.923380803812705;26.132231443839057;13.941613136106131;19.589026064149394;23.360152984176395;16.97697637172901
a_de_la_hoz;ferrandis;76.0038372489777;28.299129437862437;25.36037891506623;15.11834730302776;15.513629347887145;15.708514996156422
a_de_la_hoz;figmare;65.08383750185499;29.254950501009862;20.43969896760082;16.787188019075383;18.99084879505398;14.527313717259956
a_de_la_hoz;filmandera;77.55990289865987;32.50480350269214;20.604220990447647;14.721905176216888;16.72889470466304;15.440175625980284
a_de_la_hoz;filmcanet;59.84983190116345;26.074637718774106;19.172829756678784;19.30150996966302;16.545341574073184;18.90568098081093
a_de_la_hoz;fleming22;86.85595383781057;34.506275990457816;22.887091596194754;13.420828369071156;15.060700962483656;14.125103081792636
a_de_la_hoz;francorizzo;36.58024956640101;0.0;17.238330607011918;24.417188508895784;32.706810377444306;25.63767050664798
a_de_la_hoz;fshtravis;76.99462787164057;23.813414927047088;27.726085747083406;15.287187014161566;16.545361150971814;16.627951160736124
a_de_la_hoz;garles;52.13080974801101;22.320207560662134;23.33756555048394;20.533079719837108;14.965605464937152;18.843541704079673
a_de_la_hoz;genzai_2;59.37742959531846;21.08073357589656;20.881780045934185;18.297156494919115;21.226420625709174;18.51390925754097
a_de_la_hoz;gorkalonso1;71.05405675681267;29.526151720791326;19.210854726360925;16.45818620972338;17.684473712948037;17.120333630176347
a_de_la_hoz;guillehormigo;45.58380093823906;5.801355614831353;23.633208997215778;24.68603908870502;23.22703568357877;22.65236061566909
a_de_la_hoz;guxiguxi;72.8879287942587;27.573887934351756;24.599033970976524;16.08397141949453;16.637663124647776;15.105443550529415
a_de_la_hoz;hill_valley;55.624449923017515;15.847218257702345;24.32681915118346;20.84239912055503;15.822037695516517;23.16152577504266
a_de_la_hoz;hobbitillo;51.67196503551613;18.76534166191841;17.640595749140324;20.8859358855265;19.69323953442901;23.014887168985762
a_de_la_hoz;isaac98tm;52.938273387411584;22.645812360435944;16.301834717596993;18.48763275327881;21.82733280469285;20.737387363995392
a_de_la_hoz;itsmerocio;38.866512286655805;14.515204935594316;9.644447076293487;24.8566172017461;32.89959940700557;18.084131379360525
a_de_la_hoz;jal90;54.10693583449852;13.033342728421951;23.18283330839888;20.89792361050591;22.5651329751987;20.320767377474553
a_de_la_hoz;jarsito;69.93823596870588;24.703595407048525;24.865200192011304;16.614204972711093;15.787391421570442;18.02960800665864
a_de_la_hoz;jasikedevicius;74.3930421654388;24.409206988132542;25.856235986474672;15.777745424498834;17.477805477668312;16.479006123225652
a_de_la_hoz;javchas;36.588802596232235;9.636749342384498;11.44123977166315;25.30720748327803;30.53111866711717;23.08368473555716
a_de_la_hoz;jepgambardella;78.92156915053044;28.8166016506911;24.48771554645681;14.46284611412867;16.579417250439448;15.653419438283965
a_de_la_hoz;jiajieyy;74.31049689207173;28.706746170913465;21.646905641855174;15.951561378961134;16.515589723799867;17.179197084470367
a_de_la_hoz;jjm_24;71.04799082376681;29.528672603611007;20.881193625169978;16.19761883758905;15.809655224642702;17.582859708987275
a_de_la_hoz;joancuadrado;71.49673643394365;27.863841396629198;20.71690706419779;16.33139078990632;17.45037048195963;17.637490267307072
a_de_la_hoz;jorgemz;67.14204475440204;27.57737305986866;23.00336341058301;16.37686612292205;18.673856354284613;14.368541052341676
a_de_la_hoz;judex1916;67.76251948234821;30.440030329464104;19.195841434955383;16.084478292790145;18.296857683142736;15.982792259647644
a_de_la_hoz;kndel_01;75.2277815888244;31.872007401980245;21.888413442018795;15.274959731808321;16.810278526569917;14.154340897622713
a_de_la_hoz;lobo_lopez;38.23480625144951;12.910643873926102;14.053516107469866;29.39382648680997;17.587888765818903;26.054124765975157
a_de_la_hoz;m0liner;57.49200591599792;25.451852340535808;17.80825237803951;20.134304199495237;18.61640624645687;17.98918483547258
a_de_la_hoz;maboroshimirage;56.278152099911374;24.121241705268517;14.287520410534977;21.015522845879026;19.155378767898373;21.420336270419117
a_de_la_hoz;mabusecaligari;72.34549850994698;29.73014869456357;22.152278235924644;16.307939441783855;15.837695212955632;15.971938414772294
a_de_la_hoz;malala;69.54137258315384;29.15434885734384;19.573094738687818;16.401687560762177;16.283199249452647;18.587669593753528
a_de_la_hoz;mann_ohne_namen;62.38547427964181;27.41176609831046;17.466231632748602;18.003136993815;19.333889487320477;17.784975787805465
a_de_la_hoz;manuki;69.01394437134644;32.18714525287882;18.00125352118418;16.492773447211075;18.661568325825414;14.657259452900524
a_de_la_hoz;marcballesteros;74.1513598203639;29.243864027634803;22.024867113463298;15.901992982441826;15.576866253743333;17.252409622716733
a_de_la_hoz;marctorres;56.95399307458175;17.953642772664413;22.22631195056885;17.790497970911378;22.502940225730377;19.526607080124993
a_de_la_hoz;marioiglesias;41.30770113070771;0.0;29.260125179950837;26.912926380268676;15.183512739899152;28.643435699881326
a_de_la_hoz;marioquema;67.97770751761331;26.97215142458125;25.160194267458944;15.613643203788502;16.60962675968046;15.644384344490856
a_de_la_hoz;metaltft;46.899329501773046;16.53997340320193;13.702218636541398;24.739648558768973;19.865658895803016;25.15250050568469
a_de_la_hoz;miridbr;63.20453963028479;27.893338154220835;19.85485602852403;18.749122171887972;16.506457163047102;16.996226482320065
a_de_la_hoz;mrbike;72.89997367350607;29.745858260015112;21.559779652477108;16.24952688791639;14.789835119826664;17.655000079764733
a_de_la_hoz;mrlombreeze;44.02192207785534;15.61868156351426;17.625205482510136;24.895215702567377;20.53936233769948;21.321534913708753
a_de_la_hoz;nataliabzp;61.18664399364222;22.474328966932845;19.757517230132116;19.33263168596861;18.353514017694938;20.082008099271512
a_de_la_hoz;nichedeath;50.72966420053874;24.674316170757756;16.953373497837735;19.856839698276794;20.082782672281844;18.432687960845865
a_de_la_hoz;ninotchka;58.55193673236393;22.582330685932483;16.93520921033551;18.682567070249767;20.75454611633755;21.045346917144666
a_de_la_hoz;niskanen;30.5143289770254;3.4665397979750927;10.447035064312821;38.32299224008651;16.353036984480056;31.41039591314554
a_de_la_hoz;padimo02;75.57605036749734;28.69258546201469;25.099633012925214;15.289584094188175;16.169023054415117;14.749174376456816
a_de_la_hoz;paloma55;65.74260286956576;27.889145556020363;19.997668771322328;17.148943738442377;16.827812638161255;18.136429296053677
a_de_la_hoz;parhelic;34.55255832012842;9.922562646931883;28.540912360098396;19.54460508793523;20.708673148156667;21.283246756877826
a_de_la_hoz;pauixitador;53.46328277866373;18.466354531376794;21.422911739075083;20.379272909631364;18.86144623525899;20.87001458465778
a_de_la_hoz;paula_arantzazu;68.28216363332484;28.14284431319008;21.457723053081303;16.375248675683707;16.518966981314453;17.505216976730463
a_de_la_hoz;quber;60.908299625540806;28.366017365047362;15.908526557090573;17.009589270530423;19.849266909691526;18.86659989764013
a_de_la_hoz;rachelmygod;53.966021910688525;22.54122165606103;14.06645303326631;20.371261120805855;21.62357615344304;21.397488036423763
a_de_la_hoz;rafanasal_lefou;54.68203189553177;22.890878965723758;25.90411773218401;19.735324960193047;17.970590842190088;13.499087499709109
a_de_la_hoz;rdosdedos;64.39018469371898;25.794930718221625;19.264051088977627;17.863390686299606;19.030832599583213;18.046794906917935
a_de_la_hoz;rob3rtolm;46.06429756449449;22.580643949892224;13.873393031312041;19.319328403794835;26.332060397413482;17.89457421758742
a_de_la_hoz;saba1e7e;36.166039647859215;17.54891663626618;14.722892692103498;20.316683957524052;30.916840390399074;16.494666323707207
a_de_la_hoz;simonsds;69.99792494864965;27.95674320162786;23.24762643870346;16.833125288646947;16.23340317658163;15.729101894440113
a_de_la_hoz;taesuk;59.24299816310346;18.747885157997377;22.17438583325134;19.783130624632097;17.821307768585495;21.473290615533685
a_de_la_hoz;tannhauser;50.187462174742514;20.37424491753731;13.034340568272361;22.33666161679779;19.85886458673304;24.395888310659497
a_de_la_hoz;toshiro15;81.45492533687381;32.68198012756466;22.235323588791207;14.04366249390905;16.027390335501263;15.011643454233822
a_de_la_hoz;utges;68.2552284938957;28.412243270737296;19.629033604069797;17.138848944341202;16.569666258114314;18.250207922737403
a_de_la_hoz;vareludo;68.36687220149103;25.529261243333973;21.913641990450284;16.93322961483621;17.23973313462781;18.384134016751716
a_de_la_hoz;will_llermo;43.509468064474646;17.82861747327814;15.298820110748203;22.03934384153401;26.15036954430723;18.68284903013242
a_de_la_hoz;yeraim;51.06362174413404;17.607890385602623;15.258162835842754;21.864170409937344;24.638749337645955;20.631027030971318
a_de_la_hoz;yosolomequejo;53.20726887541945;23.19400983805601;19.962775947951105;20.321014003758236;17.790650885898117;18.731549324336523
aixa72;1999_sohu;47.92442654428168;8.828828506450614;22.86746784615976;22.690226113918843;24.684567758255422;20.928909775215367
aixa72;a_de_la_hoz;66.1241067150226;25.59529734309897;23.268086517517506;17.73551241331765;15.17027986248965;18.23082386357623
aixa72;al1997;52.99795754860228;20.291748282097473;26.447549847778312;18.26782178742782;20.896543470163916;14.096336612532497
aixa72;alejandrogr;53.19082053729865;18.560945746451832;24.141010700904992;19.279556870496243;23.13444634087265;14.88404034127428
aixa72;alen99;62.60037879368545;24.501408757633286;20.059012940685125;17.723981155539047;18.792609023574986;18.92298812256756
aixa72;andrestm;22.77722950116619;0.0;0.0;2.8572247336033074;49.12506683157392;48.017708434822794
aixa72;antares_not;40.409069820176505;17.01510046649367;21.54276143178233;24.266876483766577;23.61993402660714;13.555327591350283
aixa72;anthonymous;59.827091017139246;28.878654393519483;17.48908909745966;17.401761661488766;19.122732772152617;17.107762075379487
aixa72;bander7;58.927631278539906;14.958904325002324;28.112008958475812;19.751609208455317;16.1468020763847;21.03067543168185
aixa72;batty;53.08705152635221;14.280013389764656;25.78974330280808;19.145470972392587;19.747162368162794;21.037609966871894
aixa72;bernatus;69.55278168054181;23.573127708173594;26.606988544651557;16.745269231397;15.869876156532543;17.20473835924531
aixa72;borinot;66.93853566667167;19.2262868142936;28.515028538120198;17.02078782308593;16.19076223794149;19.047134586558773
aixa72;bracero;75.48791288384639;30.827994825380483;20.652484451569862;15.466150755002424;16.430306737105816;16.623063230941426
aixa72;chinemusic;49.496077728155186;16.02841184532771;18.300889491933525;22.4740734363288;18.76880860164222;24.427816624767743
aixa72;cinematictalk;53.33928290989611;15.204054690668823;19.52655005364532;21.183109324293095;20.202304524795228;23.883981406597538
aixa72;cronicasdeckard;32.15021164221685;10.967178794396409;6.460157687658374;19.90360722602631;35.63660595653958;27.03245033537931
aixa72;dani1medina;43.87038572162507;12.859594956661477;25.360718908492316;21.568374424808564;24.442555251744288;15.768756458293344
aixa72;danielquinn;56.681248882820825;18.04003380821337;27.817366679614942;20.489492094257407;15.438765612877289;18.214341805036987
aixa72;diogoserafim;37.88945912420881;1.3958913409214835;25.75213662098804;26.588920951509866;20.472646095132504;25.790404991448096
aixa72;doark13;65.73748367272275;21.723045264538282;23.38417053928267;17.676383492065156;18.01073134932252;19.20566935479138
aixa72;elenacf;59.59645187057178;22.7781833803792;24.136412007097277;19.611595060740857;12.084766048879313;21.38904350290335
aixa72;eloyg8;48.152347696371244;22.333723390242277;14.491516044032013;19.831550298031093;20.82494225881914;22.518268008875484
aixa72;ezequiel2517;45.569770948138995;9.671902887090239;23.395555653008458;24.357863271855628;18.524902112631903;24.04977607541378
aixa72;faildeguionista;50.249107108432725;10.525474172018814;30.419104718479655;22.880027285244125;17.27017777387925;18.905216050378158
aixa72;faure;42.83717399365396;16.050647571889744;23.58710303518909;22.833039553943355;23.250011427266863;14.279198411710949
aixa72;ferrandis;61.62003028931416;19.74130905280695;22.471433338006445;18.53933386090693;18.501327422925186;20.746596325354496
aixa72;figmare;45.90497656835827;17.282298736692212;12.228279235157354;24.27182932781259;22.271437502773093;23.94615519756476
aixa72;filmandera;67.62826410075895;27.893582862841406;22.701694565129547;16.638839227445427;15.293548303671585;17.47233504091202
aixa72;filmcanet;62.731391736987284;22.774628588451375;20.048265365644486;18.495969557994318;18.23607149848793;20.445064989421876
aixa72;fleming22;67.59717464469826;28.68883450619819;20.422678307617343;16.917062813496614;15.011650580745135;18.95977379194272
aixa72;francorizzo;49.71573419624276;19.149113206462843;18.618330736430007;18.645030074140806;21.774335380138112;21.81319060282825
aixa72;fshtravis;63.11811818059258;19.272755539133147;28.508749333213554;18.68259702982204;15.73566310417075;17.80023499366051
aixa72;garles;48.038701663118815;18.349638268251727;26.986504843607392;22.549902478502705;17.688323714162234;14.425630695475936
aixa72;genzai_2;51.7996864816104;13.954217559603581;23.07499288938174;20.992596217103188;18.26086641654682;23.71732691736467
aixa72;gorkalonso1;62.94567456436915;27.167808443087466;21.791942007008878;18.215712490177246;14.965824036168899;17.858713023557524
aixa72;guillehormigo;48.11658254682669;12.457557689701778;26.072471577980266;23.05943429563815;18.4284548758703;19.9820815608095
aixa72;guxiguxi;57.7811028482086;20.747790310720074;20.17315811351456;20.071208543469016;16.982073859152635;22.025769173143715
aixa72;hill_valley;52.35397855672248;15.490195719213109;24.627535962797502;21.991783192140517;14.92666186298966;22.963823262859215
aixa72;hobbitillo;49.30679008436415;16.08994455323109;25.266563162012556;21.700491897385845;15.309349432398882;21.633650954971625
aixa72;isaac98tm;49.16538890834264;13.984723766340249;24.065678088424313;20.3898191862041;23.26170787140972;18.298071087621608
aixa72;itsmerocio;32.643972185638894;8.100970004953831;15.83751641839824;30.044760919668178;28.374817465383703;17.64193519159604
aixa72;jal90;52.493237938611195;15.449101758049661;18.24070148007852;21.405039287753873;21.013008877648538;23.892148596469415
aixa72;jarsito;65.40688721536637;21.024219681450536;25.660091719485006;17.632373099150094;16.57851928323188;19.10479621668249
aixa72;jasikedevicius;60.58738008920106;20.077779563891305;24.963442578222715;19.27625169909745;16.59047349998031;19.09205265880824
aixa72;javchas;41.90835053927753;15.985704952813343;23.248069722470355;22.250351434393565;23.074145099174483;15.44172879114827
aixa72;jepgambardella;59.03088190487879;13.73812059643466;30.01575060371928;19.023644526484;17.32871782807851;19.893766445283557
aixa72;jiajieyy;64.09648236253858;28.60539226303252;21.721659927301232;18.16111579237726;14.167006785219309;17.34482523206967
aixa72;jjm_24;62.07604206806799;19.596289023240175;27.784399367406955;18.56674189294066;17.183872173846957;16.868697542565275
aixa72;joancuadrado;66.13084754246488;22.660192829204487;25.217233061852085;17.600035422570784;15.445969801439057;19.07656888493359
aixa72;jorgemz;51.17457513106195;18.66232234128191;27.72163719206318;20.572592478573092;18.34602778492419;14.697420203157636
aixa72;judex1916;65.79913242596304;24.91790612678632;21.66398486108192;16.954655299349557;17.84607605102738;18.61737766175483
aixa72;kndel_01;51.0676874683526;18.296939074780408;21.63917704754813;22.0689985929178;17.175275565166025;20.819609719587632
aixa72;lobo_lopez;42.83782695841094;14.404207745536265;15.698949756844318;26.086599307754362;15.650753479591884;28.159489710273164
aixa72;m0liner;60.15816345083239;22.56549787523548;19.476086065497263;19.55293845863204;17.688586109708584;20.716891490926656
aixa72;maboroshimirage;66.09886006005546;27.738829671118282;20.700637104368255;17.66853103617098;14.3113239545507;19.580678233791794
aixa72;mabusecaligari;69.69063859389595;26.309201029785854;23.651985275817108;16.90911134906852;14.669662328772315;18.460040016556206
aixa72;malala;76.30281034297398;28.881400122500906;24.75775745470477;15.037254972285625;15.576610191043466;15.74697725946522
aixa72;mann_ohne_namen;62.87997168651538;26.915822757610435;22.296331284779665;17.747179738229462;17.45599306060414;15.584673158776301
aixa72;manuki;63.621891645781304;31.589811751112364;15.613939689257098;18.064746609640203;16.04974473570901;18.681757214281333
aixa72;marcballesteros;64.6905862897845;19.349334200084797;26.02103613423462;18.113094064662413;18.437255007552242;18.07928059346593
aixa72;marctorres;54.70494468959218;13.85768344929273;30.23972856534278;18.456180537493413;19.390871985526722;18.05553546234436
aixa72;marioiglesias;48.37847150760936;9.110382892688584;28.19717709583173;22.893488741661663;14.399838234868238;25.399113034949774
aixa72;marioquema;55.91487070779336;19.548486049831293;24.01556815773326;18.99438748789235;19.167931183567138;18.27362712097597
aixa72;metaltft;51.24586598630252;14.105022537366262;21.353324175410467;22.71381385898604;16.65985403149074;25.167985396746477
aixa72;miridbr;59.943567797243325;23.822711691596613;18.18553330449462;19.50074603267795;18.05876245843685;20.432246512793984
aixa72;mrbike;63.48659651901909;22.770919668598303;22.728614607260166;18.462521445192653;16.55535752112548;19.482586757823405
aixa72;mrlombreeze;47.4818344742094;9.653718316511455;17.970615803261133;23.537177973177748;23.596032542676777;25.24245536437288
aixa72;nataliabzp;58.477138789159405;24.118630060145296;23.1037817528371;20.074689904283037;15.65324269589518;17.049655586839396
aixa72;nichedeath;40.43403157155884;13.080458675034501;23.68822424306032;24.454568143537895;17.88995609672981;20.886792841637476
aixa72;ninotchka;51.98423735235169;17.635201688478904;25.255742093168458;20.44057677023642;17.111114970722497;19.55736447739372
aixa72;niskanen;42.31195046729915;14.583231263545018;17.8248561636077;27.29749955136594;11.774316657438359;28.520096364042992
aixa72;padimo02;51.513414234100736;16.769669711679505;22.452999372622724;22.24729200593106;15.087796982090895;23.442241927675827
aixa72;paloma55;57.03788746207787;20.09086747251972;26.8456617873533;19.40992739624847;16.414145936726197;17.239397407152307
aixa72;parhelic;33.61458846781842;8.052188213447447;22.09184261721538;20.926294493072472;25.926442534981778;23.00323214128292
aixa72;pauixitador;58.34375952622291;17.52598143214034;26.535672924720984;18.72551331088399;17.130544351483348;20.082287980771344
aixa72;paula_arantzazu;63.96606589419932;17.63920863620794;25.44792716113257;17.90185747436053;19.230063843694854;19.78094288460411
aixa72;quber;54.76705440577269;22.21152981447284;14.762160825789532;19.4714005414326;20.562241238509227;22.992667579795796
aixa72;rachelmygod;53.209435942402166;16.566475152055474;23.46852879894091;20.821230780477197;20.281350612911552;18.86241465561486
aixa72;rafanasal_lefou;42.744193780293436;10.311257745620315;21.217202963516034;25.579298952029557;23.932128988288426;18.960111350545667
aixa72;rdosdedos;58.05522539341097;19.708877996934525;22.808829037004298;19.593671314955742;19.511100679176174;18.377520971929275
aixa72;rob3rtolm;43.04051374465825;20.48053616702228;16.541990760617093;21.14159576218967;22.57497499877071;19.26090231140025
aixa72;saba1e7e;37.48569448799731;19.282665148836767;19.87090262166289;20.17945922197453;27.69137379009007;12.975599217435745
aixa72;simonsds;57.5301825515348;21.451173332312795;20.19907778753024;20.36981338118391;15.858100012630304;22.121835486342757
aixa72;taesuk;50.35876212011999;14.703577281851139;23.059471941935026;22.885330627150715;14.306515210637915;25.045104938425208
aixa72;tannhauser;62.09691626877557;26.119602171964928;16.955560708077495;18.312471912781664;17.897330260730325;20.715034946445602
aixa72;toshiro15;61.72319972989841;23.421471921311163;23.404431963388863;18.36718571435243;15.86947421948221;18.937436181465326
aixa72;utges;61.729635174804336;20.563050892717047;26.822187954862358;18.737863826596723;17.152164737262265;16.72473258856161
aixa72;vareludo;61.87316463353148;17.665995855932866;27.229384587540153;18.83526123521287;19.148996277365107;17.120362043949005
aixa72;will_llermo;38.01301032633645;10.203265354781628;21.46754052099316;25.031754640409602;24.196377371489046;19.101062112326577
aixa72;yeraim;53.75471960481474;14.10264646886067;22.717497252331974;21.09421505136587;19.00493508585277;23.080706141588713
aixa72;yosolomequejo;51.880213386103165;16.990924687114198;19.510966474875968;20.831866721221974;19.608538847413186;23.057703269374677
al1997;1999_sohu;56.76799418070999;21.739184827000972;20.816874789647144;16.476747540056916;21.480103596993505;19.487089246301466
al1997;a_de_la_hoz;55.01697627234706;24.03329457887039;18.840182971941456;16.880236943368015;23.37984827772453;16.866437228095602
al1997;aixa72;52.99795754860228;20.291748282097473;26.447549847778312;18.26782178742782;20.896543470163916;14.096336612532497
al1997;alejandrogr;67.03959403735807;19.723257823655917;26.06471774123603;17.28645716500882;17.685374647555093;19.24019262254413
al1997;alen99;52.641794174768954;20.094135746243765;17.05991854713258;20.888406114289516;22.66636391465285;19.291175677681295
al1997;andrestm;12.274643606131193;0.0;0.0;5.992767785340692;79.36783899865401;14.639393216005312
al1997;antares_not;69.40719244883422;26.162636761769313;22.69246100507174;16.1977789818228;16.658299393161286;18.288823858174872
al1997;anthonymous;51.520460589631654;15.74080210545174;16.994975747953067;18.77832603753215;24.49793250330314;23.987963605759905
al1997;bander7;49.656504122186234;13.491375170743117;23.416502435459247;19.68464038776435;23.255337739942856;20.15214426609044
al1997;batty;65.69614305843643;29.51899557852795;19.190647891535768;15.7681470441559;18.020912102009333;17.501297383771053
al1997;bernatus;50.45261851650182;15.37509222308477;21.484078114267447;19.21950955452799;25.025570155759855;18.89574995235994
al1997;borinot;53.20501237588373;14.911067268444485;24.42873174187179;19.63484452400645;24.004509415724034;17.020847049953232
al1997;bracero;42.23130670945509;24.212645210642062;18.407986285360675;21.33192795395582;24.09802315436272;11.949417395678728
al1997;chinemusic;31.99538944969502;6.612148664336477;12.499505112252457;27.30491586590772;29.462008297618397;24.121422059884953
al1997;cinematictalk;38.40978438966768;11.015853120572894;16.153574851187752;23.823895412007992;31.986668597494948;17.020008018736434
al1997;cronicasdeckard;52.82879995088494;17.686988293640436;20.658797919169114;19.646742695323386;20.478172505564082;21.52929858630299
al1997;dani1medina;73.19783012430635;25.53032964806698;24.975717339806558;15.573111730906374;16.371055088637355;17.549786192582747
al1997;danielquinn;62.77720375669395;27.52154892960441;22.77619145466073;15.764731422755288;18.243721770105417;15.693806422874179
al1997;diogoserafim;48.76472681755283;11.930452294281782;21.36569673240202;20.28442537100882;21.55859258618124;24.860833016126133
al1997;doark13;47.51813388619455;15.953568556270309;20.623695297755013;19.968035066606507;25.903033824954846;17.551667254413314
al1997;elenacf;52.11168715764859;27.064724908345283;20.191212486399095;17.275145275452193;18.34265934369507;17.12625798610836
al1997;eloyg8;43.86124279658682;13.666167775689116;11.089176430215682;22.9632578432828;25.74336389478748;26.538034056024934
al1997;ezequiel2517;40.672527450430216;1.3003757380984233;18.37288942237861;23.966240945364376;28.54570533409248;27.814788560066113
al1997;faildeguionista;62.184926370426375;21.546524724955564;26.114659513131834;15.947486002395285;17.804962173209457;18.586367586307855
al1997;faure;74.44859669128039;28.890301814580244;22.39497557423534;14.838070050528174;16.669157734566248;17.20749482608999
al1997;ferrandis;44.29204428174652;15.125391876663903;15.606409948653976;23.21239064534012;26.361067311937436;19.69474021740459
al1997;figmare;41.12804589985431;14.574363789807835;7.200800091234659;25.68257661713821;29.42831254760126;23.113946954218036
al1997;filmandera;51.560704210162065;17.43813759210409;17.484634275433546;19.11138054810543;24.433203356422453;21.532644227934483
al1997;filmcanet;41.85610726493377;21.005064783989763;18.853974890506873;20.26355768163583;24.04806756311538;15.829335080752147
al1997;fleming22;46.11528760979219;17.96808116003302;16.657913454019983;18.773796670927158;27.38640095741366;19.21380775760618
al1997;francorizzo;39.838653109780914;3.5402514074584506;14.371259759428355;26.61853661495533;31.130779077458936;24.339173140698932
al1997;fshtravis;55.24467044803209;18.509145549157097;23.00748569004181;17.944673113025168;23.216893229343874;17.321802418432053
al1997;garles;71.53602159188337;33.51682632439834;19.706118038728274;16.034153517686686;13.482385391069108;17.260516728117597
al1997;genzai_2;55.977444135754276;23.305982646514884;19.486242651151503;19.05979892597006;22.05464168599773;16.093334090365833
